//119
92.083

//118
92.916

//117
90.833

//116
88.333

//115
90.869

//114
88.695

//113
90

//112
89.13

//111
87.3902

//110
88.181

//109
88.181

//108
82.272

//107
85.908

//106
84.999

//105
84.763

//104
83.334

//103
83.334

//102
82.381

//101
83.334

//100
87.5

//99
82.5

//98
82

//97
81

//96
76.5

//95
85.79

//94
[1.0, 0.5263158082962036, 0.7368420958518982, 0.4736842215061188, 0.4736842215061188, 0.9473684430122375, 0.6315789222717285, 0.9473684430122375, 1.0, 1.0]
0.7736842155456543

//93
[0.5789473652839661, 0.9473684430122375, 1.0, 1.0, 1.0, 0.5789473652839661, 0.7894737124443054, 0.5263158082962036, 0.5263158082962036, 0.5789473652839661]
0.7526315867900848

//92
[0.6315789222717285, 0.6842105388641357, 0.5263158082962036, 1.0, 0.8947368264198303, 0.9473684430122375, 0.6315789222717285, 0.5789473652839661, 1.0, 1.0]
0.789473682641983

//91
[1.0, 0.6315789222717285, 1.0, 0.5789473652839661, 1.0, 0.9473684430122375, 1.0, 0.5263158082962036, 0.5263158082962036, 0.9473684430122375]
0.8157894790172577

//90
[1.0, 0.5555555820465088, 0.5555555820465088, 0.9444444179534912, 1.0, 1.0, 0.5555555820465088, 0.5555555820465088, 0.8888888955116272, 0.5555555820465088]
0.76113

//89
[0.5, 1.0, 1.0, 1.0, 0.4444444477558136, 0.5, 0.5555555820465088, 0.8888888955116272, 1.0, 0.7777777910232544]
0.7666666716337204

//88
[0.9444444179534912, 0.9444444179534912, 1.0, 1.0, 0.7222222089767456, 0.6111111044883728, 0.5555555820465088, 0.5555555820465088, 0.5555555820465088, 0.8888888955116272]
0.7777777791023255

//87
[0.6666666865348816, 1.0, 1.0, 0.8888888955116272, 0.4444444477558136, 0.5, 1.0, 1.0, 0.6111111044883728, 0.8333333134651184]
0.7944444447755814

//86
[0.5555555820465088, 1.0, 0.5555555820465088, 1.0, 0.9444444179534912, 0.5555555820465088, 0.5, 0.6666666865348816, 0.6666666865348816, 1.0]
0.74446

//85
[0.8235294222831726, 1.0, 0.9411764740943909, 0.529411792755127, 0.5882353186607361, 0.9411764740943909, 0.6470588445663452, 0.529411792755127, 0.9411764740943909, 1.0]
0.794117659330368

//50
[1.0, 1.0, 1.0, 0.8999999761581421, 0.5, 0.8999999761581421, 1.0, 0.699999988079071, 0.6000000238418579, 0.8999999761581421]
0.84999999

//51
[1.0, 0.8181818127632141, 0.9090909361839294, 0.3636363744735718, 0.7272727489471436, 0.6363636255264282, 0.5454545617103577, 1.0, 0.6363636255264282, 0.5454545617103577]
0.71818182

//52
[1.0, 0.5454545617103577, 0.9090909361839294, 0.6363636255264282, 0.5454545617103577, 0.5454545617103577, 0.5454545617103577, 1.0, 0.4545454680919647, 1.0]
0.71818183

//53
[1.0, 1.0, 1.0, 1.0, 1.0, 0.3636363744735718, 0.9090909361839294, 0.6363636255264282, 0.5454545617103577, 0.5454545617103577]
0.80000001

//54
[0.4545454680919647, 0.8181818127632141, 0.4545454680919647, 0.6363636255264282, 0.9090909361839294, 1.0, 0.5454545617103577, 0.6363636255264282, 0.1818181872367859, 1.0]
0.66363637

//55
[0.6363636255264282, 1.0, 0.9090909361839294, 1.0, 0.5454545617103577, 0.6363636255264282, 1.0, 0.9090909361839294, 0.5454545617103577, 0.5454545617103577]
0.77272728

//56
[0.9166666865348816, 0.6666666865348816, 0.5, 0.75, 0.75, 0.75, 0.6666666865348816, 0.9166666865348816, 0.6666666865348816, 0.6666666865348816]
0.72502

//57
[0.4166666567325592, 1.0, 0.6666666865348816, 1.0, 1.0, 0.9166666865348816, 0.5, 1.0, 0.9166666865348816, 0.9166666865348816]
0.83333334

//58
[0.5833333134651184, 0.5, 0.5833333134651184, 1.0, 1.0, 0.9166666865348816, 0.6666666865348816, 0.4166666567325592, 1.0, 0.5]
0.71666667

//59
[0.5833333134651184, 1.0, 0.5833333134651184, 0.9166666865348816, 0.6666666865348816, 0.25, 0.9166666865348816, 0.75, 0.6666666865348816, 1.0]
0.73333334

//60
[0.9166666865348816, 0.9166666865348816, 0.5833333134651184, 0.4166666567325592, 1.0, 0.8333333134651184, 1.0, 1.0, 1.0, 0.5]
0.81666667

//61
[0.6153846383094788, 0.5384615659713745, 1.0, 0.6153846383094788, 0.692307710647583, 1.0, 0.5384615659713745, 0.5384615659713745, 1.0, 0.6153846383094788]
0.71538463

//62
[0.6153846383094788, 0.6153846383094788, 0.6153846383094788, 1.0, 0.9230769276618958, 0.6153846383094788, 0.692307710647583, 1.0, 0.9230769276618958, 0.9230769276618958]
0.7923077

//63
[0.5384615659713745, 1.0, 0.4615384638309479, 0.5384615659713745, 0.9230769276618958, 0.692307710647583, 1.0, 1.0, 0.5384615659713745, 0.6153846383094788]
0.73076924

//64
[0.9230769276618958, 1.0, 0.5384615659713745, 0.6153846383094788, 0.4615384638309479, 0.5384615659713745, 0.8461538553237915, 0.9230769276618958, 0.5384615659713745, 0.9230769276618958]
0.73076924

//65
[0.5384615659713745, 0.6153846383094788, 0.9230769276618958, 0.8461538553237915, 0.4615384638309479, 0.9230769276618958, 1.0, 1.0, 0.23076923191547394, 0.5384615659713745]
0.70769232

//66
[1.0, 0.2142857164144516, 0.7142857313156128, 0.5, 0.6428571343421936, 1.0, 0.5714285969734192, 0.9285714030265808, 0.7142857313156128, 0.4285714328289032]
0.67142857

//67
[0.5, 1.0, 0.3571428656578064, 1.0, 0.3571428656578064, 1.0, 1.0, 1.0, 0.9285714030265808, 0.5714285969734192]
0.77142857

//68
[1.0, 1.0, 0.5714285969734192, 0.5, 1.0, 0.5714285969734192, 0.4285714328289032, 0.5714285969734192, 0.9285714030265808, 0.5]
0.70714286

//69
[1.0, 0.5, 0.5714285969734192, 0.9285714030265808, 0.5, 0.7142857313156128, 0.8571428656578064, 1.0, 0.9285714030265808, 0.9285714030265808]
0.79285714

//70
[0.6428571343421936, 0.5714285969734192, 0.5, 0.3571428656578064, 0.7857142686843872, 0.5714285969734192, 0.5714285969734192, 1.0, 1.0, 0.8571428656578064]
0.68571429

//71
[0.9333333373069763, 0.8666666746139526, 1.0, 0.800000011920929, 0.6000000238418579, 0.6000000238418579, 0.7333333492279053, 0.9333333373069763, 1.0, 0.6666666865348816]
0.81333334

//72
[1.0, 0.46666666865348816, 0.9333333373069763, 0.9333333373069763, 0.9333333373069763, 1.0, 0.46666666865348816, 1.0, 0.6000000238418579, 1.0]
0.83333334

//73
[1.0, 0.6666666865348816, 0.4000000059604645, 0.6666666865348816, 0.6000000238418579, 0.6000000238418579, 1.0, 1.0, 0.5333333611488342, 0.9333333373069763]
0.74000001

//74
[0.9333333373069763, 0.6666666865348816, 0.9333333373069763, 1.0, 0.6000000238418579, 0.9333333373069763, 0.800000011920929, 1.0, 0.9333333373069763, 1.0]
0.88000001

//75
[1.0, 0.7333333492279053, 1.0, 1.0, 0.9333333373069763, 0.7333333492279053, 1.0, 0.5333333611488342, 1.0, 0.8666666746139526]
0.88000001

//76
[0.9375, 1.0, 0.3125, 0.6875, 1.0, 0.5625, 0.5625, 1.0, 0.375, 0.75]
0.71875

//77
[0.5625, 0.9375, 1.0, 0.9375, 0.875, 1.0, 0.4375, 0.9375, 0.375, 0.9375]
0.8

//78
[1.0, 0.9375, 0.8125, 0.5625, 1.0, 0.75, 0.5, 1.0, 1.0, 0.9375]
0.85

//79
[0.6875, 0.9375, 0.6875, 0.625, 1.0, 1.0, 1.0, 0.6875, 0.9375, 0.9375]
0.85

//80
[1.0, 0.9375, 0.9375, 0.9375, 0.75, 0.5, 1.0, 0.9375, 0.5625, 0.625]]
0.81875

//81
[0.529411792755127, 0.5882353186607361, 0.5882353186607361, 0.529411792755127, 0.9411764740943909, 0.9411764740943909, 0.6470588445663452, 0.6470588445663452, 1.0, 0.9411764740943909]
0.73529413

//82
[0.529411792755127, 1.0, 0.6470588445663452, 1.0, 0.5882353186607361, 1.0, 0.1764705926179886, 1.0, 0.6470588445663452, 0.9411764740943909]
0.75294119

//83
[1.0, 0.9411764740943909, 0.6470588445663452, 0.529411792755127, 0.4117647111415863, 0.9411764740943909, 0.6470588445663452, 0.5882353186607361, 0.529411792755127, 0.4117647111415863]
0.6647059

//84
[1.0, 0.529411792755127, 0.6470588445663452, 0.9411764740943909, 1.0, 1.0, 0.9411764740943909, 1.0, 0.529411792755127, 0.5882353186607361]]
0.81764707

//41
[1.0, 0.5555555820465088, 1.0, 0.5555555820465088, 0.8888888955116272, 0.5555555820465088, 0.8888888955116272, 0.8888888955116272, 0.5555555820465088, 1.0]
0.7888889014720917

//40
[1.0, 0.625, 0.5, 0.75, 0.5, 0.75, 0.625, 1.0, 0.75, 0.5]
0.7

//42
[1.0, 0.4444444477558136, 1.0, 0.7777777910232544, 0.8888888955116272, 1.0, 1.0, 1.0, 0.7777777910232544, 0.5555555820465088]
0.8444444507360458

//43
[0.8888888955116272, 0.8888888955116272, 0.8888888955116272, 1.0, 0.4444444477558136, 0.5555555820465088, 0.8888888955116272, 0.6666666865348816, 0.6666666865348816, 0.8888888955116272]
0.7777777880430221

//44
[1.0, 0.4444444477558136, 0.8888888955116272, 0.8888888955116272, 0.7777777910232544, 1.0, 0.7777777910232544, 0.5555555820465088, 0.7777777910232544, 1.0]
0.811111119389534

//45
[0.5555555820465088, 0.5555555820465088, 1.0, 0.7777777910232544, 1.0, 1.0, 0.5555555820465088, 1.0, 0.8888888955116272, 0.5555555820465088]
0.7888889014720917

//46
[1.0, 1.0, 0.8999999761581421, 1.0, 0.6000000238418579, 0.8999999761581421, 0.800000011920929, 1.0, 0.6000000238418579, 0.5]
0.8300000011920929

//47
[0.699999988079071, 0.5, 0.699999988079071, 0.5, 0.5, 0.8999999761581421, 0.6000000238418579, 1.0, 0.6000000238418579, 0.5]
0.65

//48
[1.0, 0.5, 0.5, 0.5, 0.5, 0.6000000238418579, 0.6000000238418579, 0.699999988079071, 0.6000000238418579, 1.0]
0.6500000059604645

//49
[0.800000011920929, 1.0, 0.699999988079071, 0.699999988079071, 0.699999988079071, 0.800000011920929, 1.0, 1.0, 1.0, 0.6000000238418579]
0.8300000011920929

//10
[1.0, 0.5, 0.5, 1.0, 1.0, 0.0, 0.0, 1.0, 1.0, 1.0]
0.7

//11
[0.0, 0.6666666865348816, 1.0, 0.6666666865348816, 0.6666666865348816, 0.6666666865348816, 1.0, 1.0, 1.0, 0.0]
0.66666667

//12
[1.0, 0.6666666865348816, 0.0, 0.6666666865348816, 0.6666666865348816, 1.0, 0.6666666865348816, 0.0, 0.3333333432674408, 1.0]
0.60000001

//13
[0.3333333432674408, 0.3333333432674408, 0.3333333432674408, 1.0, 0.6666666865348816, 1.0, 0.0, 1.0, 1.0, 0.6666666865348816]
0.63333334

//14
[1.0, 0.6666666865348816, 1.0, 0.6666666865348816, 1.0, 1.0, 0.6666666865348816, 1.0, 0.6666666865348816, 1.0]
0.86666667

//15
[0.6666666865348816, 0.6666666865348816, 0.6666666865348816, 1.0, 0.6666666865348816, 1.0, 1.0, 0.6666666865348816, 0.6666666865348816, 0.6666666865348816]
0.76666668

//16
[0.75, 1.0, 0.75, 0.75, 0.5, 0.75, 0.5, 1.0, 0.5, 0.25]
0.675

//17
[1.0, 0.75, 0.5, 0.5, 0.75, 0.25, 0.0, 0.75, 0.75, 1.0]
0.625

//18
[1.0, 0.75, 0.75, 0.25, 1.0, 1.0, 0.75, 1.0, 0.75, 0.0]
0.725

//19
[1.0, 1.0, 0.75, 0.25, 0.5, 1.0, 1.0, 1.0, 0.75, 1.0]
0.825 

//20
[0.75, 1.0, 1.0, 0.75, 1.0, 1.0, 1.0, 0.5, 1.0, 0.75]
0.875

//21
[0.6000000238418579, 0.6000000238418579, 0.4000000059604645, 0.6000000238418579, 0.800000011920929, 0.4000000059604645, 0.6000000238418579, 1.0, 1.0, 0.800000011920929]
0.68000001

//22
[0.6000000238418579, 0.0, 0.6000000238418579, 0.800000011920929, 0.800000011920929, 0.6000000238418579, 0.6000000238418579, 1.0, 0.800000011920929, 1.0]
0.68000001

//23
[1.0, 0.800000011920929, 0.800000011920929, 0.6000000238418579, 0.800000011920929, 1.0, 0.6000000238418579, 1.0, 1.0, 0.6000000238418579]
0.82000001

//24
[1.0, 1.0, 1.0, 0.800000011920929, 1.0, 0.800000011920929, 1.0, 0.800000011920929, 0.0, 1.0]
0.84

//25
[0.800000011920929, 0.6000000238418579, 0.6000000238418579, 0.6000000238418579, 0.6000000238418579, 0.0, 0.800000011920929, 1.0, 0.6000000238418579, 0.6000000238418579]
0.62000002 

//26
[1.0, 0.6666666865348816, 1.0, 0.5, 0.5, 1.0, 0.8333333134651184, 0.0, 0.6666666865348816, 1.0]
0.71666667

//27
[1.0, 0.6666666865348816, 0.8333333134651184, 0.6666666865348816, 1.0, 1.0, 0.8333333134651184, 1.0, 0.3333333432674408, 1.0]
0.83333333

//28
[0.6666666865348816, 1.0, 0.8333333134651184, 0.3333333432674408, 1.0, 1.0, 0.5, 1.0, 0.6666666865348816, 0.5]
0.75

//29
[1.0, 0.8333333134651184, 0.5, 1.0, 0.3333333432674408, 1.0, 0.8333333134651184, 0.6666666865348816, 1.0, 0.8333333134651184]
0.8

//30
[0.8333333134651184, 0.8333333134651184, 1.0, 1.0, 0.6666666865348816, 0.8333333134651184, 0.3333333432674408, 1.0, 0.8333333134651184, 1.0]
0.83333333

//31
[0.4285714328289032, 0.4285714328289032, 1.0, 1.0, 1.0, 1.0, 1.0, 0.4285714328289032, 1.0, 0.5714285969734192]
0.78571429

//32
[0.5714285969734192, 1.0, 1.0, 0.7142857313156128, 1.0, 0.5714285969734192, 0.8571428656578064, 0.2857142984867096, 0.8571428656578064, 0.8571428656578064]
0.77142858

//33
[0.7142857313156128, 0.5714285969734192, 1.0, 1.0, 1.0, 1.0, 0.8571428656578064, 0.8571428656578064, 0.4285714328289032, 0.8571428656578064]
0.82857144

//34
[0.5714285969734192, 0.7142857313156128, 0.7142857313156128, 0.7142857313156128, 0.8571428656578064, 0.8571428656578064, 1.0, 0.5714285969734192, 0.7142857313156128, 0.8571428656578064]
0.75714287

//35
[1.0, 0.8571428656578064, 0.5714285969734192, 0.7142857313156128, 0.7142857313156128, 1.0, 0.7142857313156128, 1.0, 1.0, 1.0]
0.85714287

//36
[0.875, 0.625, 0.75, 0.875, 0.75, 1.0, 1.0, 1.0, 0.25, 0.625]
0.775 

//37
[1.0, 0.875, 0.625, 1.0, 0.875, 1.0, 0.875, 0.625, 0.375, 1.0]
0.825

//38
[0.5, 0.5, 0.875, 0.625, 1.0, 0.75, 1.0, 0.875, 0.875, 1.0]
0.8

//39
[0.875, 1.0, 0.5, 1.0, 0.625, 0.875, 1.0, 0.75, 0.625, 0.875]
0.8125
