//70
[0.5714285969734192, 0.380952388048172, 0.4285714328289032, 0.4285714328289032, 0.9523809552192688, 0.6190476417541504, 0.9523809552192688, 0.9523809552192688, 0.9523809552192688, 0.4285714328289032]
0.6666666746139527

//71
[0.5, 0.8181818127632141, 0.5454545617103577, 0.5, 0.8636363744735718, 0.6363636255264282, 0.8181818127632141, 0.9090909361839294, 0.5, 0.8636363744735718]
0.6954545497894287

//72
[0.9090909361839294, 0.8636363744735718, 0.5, 0.5909090638160706, 0.5909090638160706, 0.5454545617103577, 0.8636363744735718, 0.40909090638160706, 0.40909090638160706, 0.9090909361839294]
0.6590909123420715

//73
[0.8636363744735718, 0.6363636255264282, 0.5454545617103577, 0.5909090638160706, 0.5, 0.8636363744735718, 0.9090909361839294, 0.9090909361839294, 0.6363636255264282, 0.5454545617103577]
0.7000000059604645

//74
[0.95652174949646, 0.95652174949646, 0.9130434989929199, 0.5652173757553101, 0.43478259444236755, 0.47826087474823, 0.95652174949646, 0.43478259444236755, 0.95652174949646, 0.3913043439388275]
0.7043478280305863

//75
[0.9130434989929199, 0.52173912525177, 0.9130434989929199, 0.47826087474823, 0.47826087474823, 0.9130434989929199, 0.43478259444236755, 0.6521739363670349, 0.9130434989929199, 1.0]
0.7217391401529312

//76
[0.695652186870575, 0.43478259444236755, 0.6521739363670349, 0.9130434989929199, 0.95652174949646, 0.695652186870575, 0.695652186870575, 0.9130434989929199, 0.695652186870575, 0.695652186870575]
0.7347826212644577

//77
[0.9583333134651184, 0.9583333134651184, 0.9583333134651184, 0.5, 0.5416666865348816, 0.9583333134651184, 0.5416666865348816, 0.375, 0.5, 0.9583333134651184]
0.7249999940395355

//78
[0.4583333432674408, 0.5, 0.9583333134651184, 0.9583333134651184, 0.625, 0.95833331346511842, 0.375, 0.6666666865348816, 0.9583333134651184, 0.9583333134651184]
0.7416666597127914

//79
[0.625, 0.5, 0.5, 0.9583333134651184, 0.5833333134651184, 0.9583333134651184, 0.625, 0.5, 0.9583333134651184, 0.9583333134651184]
0.7166666567325592

//80
[0.5, 0.9583333134651184, 0.9583333134651184, 0.4166666567325592, 0.375, 1.0, 1.0, 0.9583333134651184, 0.9583333134651184, 0.5]
0.7624999910593033

//81
[0.7600000023841857, 0.4399999976158142, 0.4399999976158142, 0.9200000166893005, 0.8799999952316284, 0.7600000023841857, 0.9200000166893005, 0.6000000238418579, 0.9200000166893005, 0.47999998927116394]
0.7120000058412552

//82
[0.9200000166893005, 0.5199999809265137, 1.0, 0.4399999976158142, 0.4399999976158142, 1.0, 0.9200000166893005, 0.4399999976158142, 1.0, 0.9200000166893005]
0.7600000023841857

//83
[0.840000000143093, 0.5600000023841858, 0.4399999976158142, 0.4000000059604645, 0.36000001430511475, 0.840000000143093, 0.6000000238418579, 0.9200000166893005, 0.9200000166893005, 0.9200000166893005]
0.6800000094461525

//84
[0.7307692170143127, 0.9615384340286255, 0.5769230723381042, 0.9615384340286255, 0.9615384340286255, 0.42307692766189575, 0.9615384340286255, 0.8846153616905212, 0.5384615659713745, 0.9615384340286255]
0.7961538314819336

//85
[0.9615384340286255, 0.3461538553237915, 0.9615384340286255, 0.8846153616905212, 0.6153846383094788, 0.6538461446762085, 0.5, 1.0, 0.6153846383094788, 0.9615384340286255]
0.7499999940395355

//86
[0.9615384340286255, 0.5769230723381042, 0.8846153616905212, 0.4615384638309479, 0.9615384340286255, 0.7307692170143127, 0.5769230723381042, 0.8846153616905212, 0.9615384340286255, 1.0]
0.7999999850988389

//87
[0.40740740299224854, 0.9629629850387573, 0.40740740299224854, 0.5555555820465088, 0.48148149251937866, 0.9629629850387573, 0.5555555820465088, 0.9629629850387573, 0.9629629850387573, 0.9629629850387573]
0.722222238779068

//88
[1.0, 0.6296296119689941, 0.7407407164573669, 0.9629629850387573, 1.0, 0.9629629850387573, 0.40740740299224854, 0.9629629850387573, 0.48148149251937866, 0.7407407164573669]
0.7888888895511628

//89
[0.4444444477558136, 1.0, 0.9259259104728699, 1.0, 0.5555555820465088, 1.0, 0.5555555820465088, 0.9259259104728699, 0.9259259104728699, 0.9259259104728699]
0.8259259253740311

//90
[0.4444444477558136, 0.9629629850387573, 1.0, 0.9629629850387573, 0.9629629850387573, 1.0, 0.5555555820465088, 0.48148149251937866, 1.0, 0.9629629850387573]
0.8333333462476731

//91
[1.0, 0.9642857313156128, 0.6071428656578064, 1.0, 0.9642857313156128, 0.4642857015132904, 1.0, 0.5714285969734192, 1.0, 1.0]
0.8571428626775741

//10
[1.0, 0.6666666865348816, 0.6666666865348816, 0.6666666865348816, 0.6666666865348816, 1.0, 0.6666666865348816, 0.6666666865348816, 0.6666666865348816, 0.0]
0.66666668

//11
[0.5, 1.0, 0.75, 0.75, 0.5, 0.75, 0.5, 0.75, 0.5, 0.75]
0.675

//12
[1.0, 0.5, 0.5, 0.5, 0.75, 1.0, 0.5, 0.75, 0.75, 0.75]
0.7

//13
[1.0, 0.5, 0.75, 0.75, 0.5, 1.0, 1.0, 0.5, 0.5, 1.0]
0.75

//14
[0.4000000059604645, 0.6000000238418579, 0.800000011920929, 1.0, 0.4000000059604645, 0.4000000059604645, 1.0, 0.800000011920929, 0.6000000238418579, 0.4000000059604645]
0.64000001

//15
[0.4000000059604645, 1.0, 0.6000000238418579, 0.800000011920929, 0.6000000238418579, 0.800000011920929, 0.4000000059604645, 0.4000000059604645, 0.6000000238418579, 0.6000000238418579]
0.62000001

//16
[0.4000000059604645, 0.6000000238418579, 0.800000011920929, 0.800000011920929, 0.6000000238418579, 0.4000000059604645, 0.6000000238418579, 0.4000000059604645, 0.6000000238418579, 1.0]
0.62000001

//17
[1.0, 0.5, 0.3333333432674408, 0.6666666865348816, 1.0, 0.8333333134651184, 0.5, 0.8333333134651184, 0.8333333134651184, 0.6666666865348816]
0.71666667

//18
[0.6666666865348816, 0.5, 0.6666666865348816, 0.3333333432674408, 0.5, 0.6666666865348816, 0.6666666865348816, 0.5, 0.6666666865348816, 0.8333333134651184]
0.60000001

//19
[0.6666666865348816, 0.5, 0.8333333134651184, 0.5, 0.3333333432674408, 0.6666666865348816, 0.5, 0.6666666865348816, 0.8333333134651184, 0.5]
0.6 

//20
[0.3333333432674408, 0.6666666865348816, 0.8333333134651184, 1.0, 0.6666666865348816, 1.0, 0.5, 0.8333333134651184, 0.5, 0.3333333432674408]
0.66666667

//21
[0.8571428656578064, 0.4285714328289032, 0.7142857313156128, 0.5714285969734192, 0.7142857313156128, 1.0, 0.5714285969734192, 0.5714285969734192, 0.4285714328289032, 0.4285714328289032]
0.62857144

//22
[0.8571428656578064, 0.4285714328289032, 0.7142857313156128, 0.5714285969734192, 0.2857142984867096, 0.4285714328289032, 0.7142857313156128, 0.8571428656578064, 0.8571428656578064, 0.5714285969734192]
0.62857144

//23
[0.8571428656578064, 0.7142857313156128, 0.8571428656578064, 0.4285714328289032, 0.2857142984867096, 0.5714285969734192, 0.2857142984867096, 1.0, 0.7142857313156128, 0.7142857313156128]
0.64285716

//24
[1.0, 0.625, 1.0, 0.75, 0.375, 0.5, 1.0, 1.0, 0.875, 0.875]
0.8

//25
[0.625, 0.5, 1.0, 0.5, 0.625, 0.5, 0.5, 0.5, 0.5, 0.625]
0.5875

//26
[0.625, 0.25, 0.5, 0.5, 0.375, 0.625, 0.625, 0.5, 0.75, 0.75]
0.55

//27
[0.7777777910232544, 0.6666666865348816, 0.6666666865348816, 0.5555555820465088, 0.4444444477558136, 0.6666666865348816, 0.4444444477558136, 0.3333333432674408, 0.6666666865348816, 0.4444444477558136]
0.56666668

//28
[0.5555555820465088, 0.3333333432674408, 0.4444444477558136, 0.6666666865348816, 0.6666666865348816, 0.5555555820465088, 0.7777777910232544, 0.4444444477558136, 0.6666666865348816, 0.7777777910232544]
0.5888889

//29
[0.5555555820465088, 0.7777777910232544, 0.4444444477558136, 0.7777777910232544, 0.3333333432674408, 0.4444444477558136, 1.0, 0.6666666865348816, 0.4444444477558136, 0.4444444477558136]
0.5888889

//30
[0.7777777910232544, 0.5555555820465088, 0.7777777910232544, 0.6666666865348816, 0.3333333432674408, 0.5555555820465088, 0.3333333432674408, 1.0, 0.6666666865348816, 0.7777777910232544]
0.64444446

//31
[0.4000000059604645, 0.800000011920929, 0.4000000059604645, 1.0, 0.5, 0.6000000238418579, 0.4000000059604645, 0.8999999761581421, 0.30000001192092896, 0.4000000059604645]
0.57 

//32
[0.4000000059604645, 0.30000001192092896, 0.30000001192092896, 0.4000000059604645, 0.6000000238418579, 0.6000000238418579, 0.5, 1.0, 0.5, 0.800000011920929]
0.54000001

//33
[0.8999999761581421, 0.5, 0.4000000059604645, 0.5, 0.800000011920929, 0.699999988079071, 0.5, 0.4000000059604645, 0.800000011920929, 0.5]
0.6

//34
[0.7272727489471436, 0.4545454680919647, 0.5454545617103577, 0.6363636255264282, 0.5454545617103577, 0.7272727489471436, 0.4545454680919647, 0.4545454680919647, 0.8181818127632141, 0.4545454680919647]
0.58181819

//35
[0.4545454680919647, 0.9090909361839294, 0.3636363744735718, 0.6363636255264282, 1.0, 0.9090909361839294, 0.6363636255264282, 0.3636363744735718, 0.4545454680919647, 0.3636363744735718]
0.60909092

//36
[0.8181818127632141, 0.9090909361839294, 0.8181818127632141, 0.4545454680919647, 0.3636363744735718, 0.6363636255264282, 0.5454545617103577, 0.8181818127632141, 0.4545454680919647, 0.5454545617103577]
0.63636364

//37
[0.4166666567325592, 0.9166666865348816, 0.8333333134651184, 0.3333333432674408, 0.4166666567325592, 0.4166666567325592, 0.9166666865348816, 0.25, 0.8333333134651184, 0.5]
0.58333333

//38
[0.3333333432674408, 0.5, 0.5, 0.5833333134651184, 0.5833333134651184, 1.0, 0.4166666567325592, 0.25, 0.9166666865348816, 0.5833333134651184]
0.56666666

//39
[0.8333333134651184, 0.6666666865348816, 0.5833333134651184, 0.5833333134651184, 0.25, 0.5, 0.4166666567325592, 0.5, 0.9166666865348816, 1.0]
0.625

//40
[0.5, 0.6666666865348816, 0.5, 0.6666666865348816, 0.5, 1.0, 0.5833333134651184, 0.4166666567325592, 0.6666666865348816, 0.5]
0.6

//41
[0.5384615659713745, 0.38461539149284363, 1.0, 0.5384615659713745, 0.1538461595773697, 0.4615384638309479, 0.692307710647583, 0.7692307829856873, 0.4615384638309479, 0.5384615659713745]
0.55384617

//42
[0.8461538553237915, 0.692307710647583, 0.6153846383094788, 0.1538461595773697, 0.6153846383094788, 0.4615384638309479, 0.1538461595773697, 0.4615384638309479, 0.38461539149284363, 0.9230769276618958]
0.53076924

//43
[0.6153846383094788, 0.5384615659713745, 0.4615384638309479, 0.5384615659713745, 0.38461539149284363, 0.3076923191547394, 0.4615384638309479, 0.6153846383094788, 0.4615384638309479, 0.5384615659713745]
0.49230771

//44
[0.8571428656578064, 0.4285714328289032, 0.4285714328289032, 0.4285714328289032, 1.0, 0.6428571343421936, 0.4285714328289032, 0.2857142984867096, 0.4285714328289032, 0.5714285969734192]
0.55000001

//45
[0.3571428656578064, 0.5714285969734192, 0.5714285969734192, 0.5, 0.8571428656578064, 0.3571428656578064, 0.5, 0.5714285969734192, 0.2857142984867096, 0.5714285969734192]
0.51428573

//46
[0.2857142984867096, 0.7142857313156128, 0.2857142984867096, 0.5714285969734192, 0.3571428656578064, 0.4285714328289032,  0.7142857313156128, 0.5, 0.3571428656578064, 0.5]
0.471428582072258

//47
[0.6000000238418579, 0.46666666865348816, 0.6666666865348816, 0.4000000059604645, 0.4000000059604645, 1.0, 0.800000011920929, 0.2666666805744171, 0.5333333611488342, 0.6666666865348816]
0.58000001

//48
[0.7333333492279053, 0.46666666865348816, 0.46666666865348816, 0.5333333611488342, 0.0, 0.46666666865348816, 0.7333333492279053, 0.4000000059604645, 0.800000011920929, 0.5333333611488342]
0.51333334

//49
[0.8666666746139526, 0.46666666865348816, 0.46666666865348816, 0.3333333432674408, 0.5333333611488342, 0.8666666746139526, 0.8666666746139526, 0.7333333492279053, 0.5333333611488342, 0.4000000059604645]]
0.60666668

//50
[0.6000000238418579, 0.46666666865348816, 0.5333333611488342, 0.3333333432674408, 0.6666666865348816, 0.7333333492279053, 0.3333333432674408, 0.9333333373069763, 0.6000000238418579, 0.4000000059604645]
0.56000001

//51
[1.0, 0.9375, 0.3125, 0.375, 0.5625, 1.0, 0.1875, 0.375, 0.5, 0.5]
0.575 

//52
[0.4375, 0.5625, 0.625, 0.5, 0.25, 0.4375, 0.875, 0.8125, 0.625, 0.625]
0.575

//53
[0.5, 0.5, 0.3125, 0.9375, 0.625, 0.625, 0.5625, 0.5, 0.625, 0.5625]
0.575

//54
[0.3529411852359772, 0.47058823704719543, 0.47058823704719543, 0.529411792755127, 0.6470588445663452, 0.7058823704719543, 0.47058823704719543, 0.23529411852359772, 0.8823529481887817, 0.47058823704719543]
0.52352942

//55
[0.4117647111415863, 0.8235294222831726, 0.3529411852359772, 0.6470588445663452, 0.3529411852359772, 0.8823529481887817, 0.47058823704719543, 0.9411764740943909, 0.4117647111415863, 0.8823529481887817]
0.61764707

//56
[0.529411792755127, 0.47058823704719543, 0.9411764740943909, 0.47058823704719543, 0.47058823704719543, 0.29411765933036804, 0.529411792755127, 0.5882353186607361, 0.47058823704719543, 0.529411792755127]
0.52941178

//57
[0.3333333432674408, 0.9444444179534912, 0.4444444477558136, 0.3333333432674408, 0.9444444179534912, 0.4444444477558136, 0.3333333432674408, 0.3888888955116272, 0.3888888955116272, 0.6111111044883728]
0.5166666656732559

//58
[0.4444444477558136, 0.7222222089767456, 0.5, 0.6666666865348816, 0.5, 0.3333333432674408, 0.5, 1.0, 0.3888888955116272, 0.5]
0.55555556

//59
[0.5555555820465088, 1.0, 0.4444444477558136, 0.4444444477558136, 0.8888888955116272, 0.5, 0.5, 0.3333333432674408, 0.5, 0.5555555820465088]
0.5722222298383712

//60
[0.8888888955116272, 0.5, 0.5, 0.8888888955116272, 0.2777777910232544, 0.8888888955116272, 0.4444444477558136, 0.5, 0.3333333432674408, 0.6111111044883728]
0.5833333373069763

//61
[0.42105263471603394, 0.9473684430122375, 0.8421052694320679, 0.3684210479259491, 0.4736842215061188, 0.8947368264198303, 0.5263158082962036, 0.4736842215061188, 0.5789473652839661, 0.5789473652839661]
0.61052632

//62
[0.5263158082962036, 0.9473684430122375, 0.9473684430122375, 0.42105263471603394, 0.5263158082962036, 0.3684210479259491, 0.9473684430122375, 0.5789473652839661, 0.31578946113586426, 0.4736842215061188]
0.6052631676197052

//63
[0.6842105388641357, 0.5263158082962036, 0.5789473652839661, 0.42105263471603394, 0.4736842215061188, 0.5789473652839661, 0.9473684430122375, 0.3684210479259491, 0.42105263471603394, 0.9473684430122375]
0.5947368502616882

//64
[0.6000000238418579, 0.3499999940395355, 0.949999988079071, 0.30000001192092896, 0.3499999940395355, 0.5, 0.949999988079071, 0.44999998807907104, 0.5, 0.949999988079071]
0.5899999976158142

//65
[0.6499999761581421, 0.949999988079071, 0.949999988079071, 0.5, 0.6499999761581421, 0.44999998807907104, 0.4000000059604645, 0.44999998807907104, 0.6499999761581421, 0.6499999761581421]
0.6299999862909317

//66
[0.949999988079071, 0.949999988079071, 0.3499999940395355, 0.550000011920929, 0.949999988079071, 0.44999998807907104, 0.949999988079071, 0.5, 0.4000000059604645, 0.4000000059604645]
0.6449999958276749

//67
[0.4761904776096344, 0.4285714328289032, 0.523809552192688, 0.9047619104385376, 0.190476194024086, 0.8571428656578064, 0.9047619104385376, 0.5714285969734192, 0.9047619104385376, 0.9047619104385376]
0.6666666761040687

//68
[0.2857142984867096, 0.4761904776096344, 0.5714285969734192, 0.9523809552192688, 0.3333333432674408, 0.9523809552192688, 0.9047619104385376, 0.9523809552192688, 0.9047619104385376, 0.380952388048172]
0.6714285790920258 

//69
[0.9047619104385376, 0.9047619104385376, 0.4285714328289032, 0.3333333432674408, 0.523809552192688, 0.523809552192688, 0.9047619104385376, 0.523809552192688, 0.9047619104385376, 0.523809552192688]
0.6476190626621247


