//57:
[ 938  574 2286  753 1851  367 1055 1871 1589 1876 1905 1857 1885 1983
  605 1827  872  236  811 1820 1207 1906 1768 2281 1193  285 1898  278
 1875 2429 1820 2392 2157 1897 2385 1855 1801 1828 1842  193 1199  569
  426 1835  941 1398  937 1904 1823 1811 2394 1197 2417 2289  567 2393
 2427  537 1771 1764 1839  989 1854  644 1760 2285 1865  335   64 1834
 1772 1841 1832 1848    4 2382 2448 1821 1840 1872  638  286 1312 2424
 2360 1205 1162 1821 1193  293 1873   44 2362   67  988 1791 1817 1417
    2 2383  315 1837 1744 1806 1750 1874 2171 1743  935   17 1808 2290
 1407 1442 2294 1761  752 2170 2291  423  874 1220 1829  421  549 1388
 2425    4   16  272 2361  990  284  548 1765 1190  424 1160 1810 1802
 1774 1819 2390 1853 1812  572 1803 1896  281 1451  362 1775   55]

[ 577  643 1804   43 2284  250  521 1831 1862    6 1194 1129 2418 1827
    3 1813 1217 1754]

//56:
[2286  278 1750 1417 2383  549 1744 1821    4 1820 1129 1589 1898  367
  250 1827 1848 1193 1839 2385 1832 1442  577 1834 1857    4 1451 1876
 1055 1197 1897 1872 1812 2294 2394 2291  426  605  285   17 1207 2170
  272 1162  567 1772 1837 1904 1885  872 2417  521 1407    6    2 1819
  315 1764  941  811 1813 1220 1896  937 1906 2290 1774 1855  293 1823
 2285 2284   64  989 1199 2390  236  421  286    3 1388 1810 2429   55
 1194 1190 2424   16 1874  548 1854 1160 1853 1865 1821 2382 1831 1398
 1835  752  753 1905  990  193 2448  874 2360  938 1765 2171 2427  574
 1760  569 1829 1827 1771 2281 1871  638 1775  362 2157  281 1743 2392
  643  572   67 1817 1820 1841 2362 1768  284 1842  423 2361 2289  935
 1804 1862 1217 1193 1803  424 1811 1791   43 1851 2393]

[1828 1754 1873 2425 1205   44  335  988 1806 1801 1808  537  644 1875
 1802 1312 1761]


//55:
[1207  549 1827 1823   64 2290 1771 1896  367  236  537  874 2289  989
 1898  643 1744 1803  988  315  753  937 2284 1842 1855 1905 1841   67
 1407   44 1821 1862  811 1791 1897 2394 1589 1162  281 1872  424  286
 1871 2425 1857 1743 1398  335 1820  426 1217  193   17 1802 1837 1834
 1839  574 1904    4    2 1801 1055 2171 1819  990 1129  362  278 1750
 2424  423  605 1874 1205 1820 1804 1876 1854  521 2157 1831  752 1817
 1873 1765 1853 1774 1442 2361 1865 1848    6 1761 1813 1828    3 1906
  938 2383   55 2448  548 1312  644 1811 2429  285 2286 1821   16 1772
  567 1885  293  577 2291 1190 1193 1764 2393 1193 1768 1835  572 2427
 2390  250  872  421  272 1197 1832  569 1812 1851    4 1417 1808 1810
 1388 2281   43 1194 1220 1199  941 2382]

[2385 1775 1451 2362  284  935  638 2294 1829 2417 2360 1160 1875 2392
 1806 1754 2170]


//54:
[1754 1803 1750 1905  284 1129 2289  421 2291 2171 1874 2425 2170 1821
 1801  941 1743 1876 1802 1775 1820  567  872  272 1199 1764 1055  426
  572 2417 1875 1804  521 1771  569  286 2382 2362  278 2392 1220 1839
  938 1827  574 1811 1442 1898 1848  988 1871  367  362    6    4  293
  315 1820 1857 2393  549  753 1207 1312 1744 1855 1407 1451 1823 2429
 1197   55   17 2281  644 2448 2427 1589 1205 1835 1837 1417 1829 2157
 1810 1160 1872 1832 1765  548 1806   64  989 2290 2390  811  605 1819
  752 1897 1217  193  423 1190 1768 1841  537 1193 1772  250 1808  643
 1865 1885 1162  281 1761   43 1851 1904 2286  874 2385  285    2 1828
 1193 2394   16  424 1842  638 2294 1854    4  335 2424 1821 2284  935
 1791 1834 1873 2360  990]

[  67   44 1812  577 1906    3 1862 1398 1774 1831 1853 1388 1817 1896
  236 2383 1813]

//53 
[1207 1820 2390    4 1193 1804 1810 1854 1398 2170  278 1744 1407 1837
 2424  872 1417 1839 2417 1841 1451 1848 1906 1834 1835 1055 1896  272
 2291 2294 1160  286 1162  752 2393  569   55 1873 1803 1791 1388 2394
    2 1828  367 1197 2171   17    4 1764 1129 1875  644 1801  874  521
  424  989  362 1823  938  548 1813 2448 1802  572  285 1871 1905 2382
   44 1761 2157  284 1874 1771 1855 1775 1205 1589 1872 1842  335 2362
  193 2281  753 1820  811 1812 2290 1853 1851 1312 1862 1817  988 1857
  574 1768 1808  935  638 2427 2289 2385 2383 1829 1865 1774 1743 1821
   67  250 1811  236  643   64    6 1821 1765 2360 1754 1193  577 1904
 1199 2392 1217 2425 1827  281  421 1220  293    3 1819   16 1885 1897
 1442  315  990]

[ 567 2429 1832 1898 2286 2284 1772 1806   43 1831 1750 1190  537  549
  941  426]


//52
[2425    4 1809  422 1190 1865 1437 1206  191 2155 2393  605 1129 1814
 1193  204 1850   36 1822  380  639 1895  574 1826  571  250 1811 2363
 1819 2392 2362  334  575 1207 2157 1873 1753 1906 1802 1833 1896  937
  362  288  564  546 1836  287  990 1837 1191 1398 2170 1756 2287  935
 1810 1889 2292 1390 2385 1135 1983 1765 1192   62 1312 1724 1768 1828
  577 1872  989   82 2394 1746  874 1832  938 1893 1749  754 1803  545
 2294   67  431 1835 1350 1827 1813 2360 1824  293 2448  811   43 2420
 1192 1852 1417 2387  563 1670  272  640 2283 2384  752 1051 2171  939
 1812  641 1821  941   32  568 1876 1776  423   65  273 1244 1875  274
 2382   17 1807 1451  411 1805 1220 1188 1853 1888  547 1829  278 1871]

[1897 2284  548 1821 2289 2386  289 1707  877 1804 1899   63 1855 2282
    6 1848]


//51
[1808  643    2 2448 1805 1774 1197 1750 1824  421 1811  751 1837 2282
  874 1772    8  191 2420  877  411   15 1707 2292 1398  641  872 1755
  278 1768 1220 1767  548 1807 1862 1253  936 1193  537  432  279   17
 1762  283 1825 1439 1833   16  549  282  566  938  250 1831    6 1159
 1051 1749   66 1129  130 1417 1906  281  291 1872 2426 2286 1849  192
 1836 1874 1802   87 1896 1761 1724 1819  424   62 1769  577 1866 2394
 1810 1706 1861 1828 2171  426   55 1806 1747  871 1763 1850 1804 2285
 1826  290 1865 1875 1765 1193  990 1589  640  274  568 1853 1843  873
 1823 1751 1876 2389  567 2360   43 1771 2157 1670  571  293  204 2289
  289 1899 2380   32 1851 1814 2287  367 1390 2363    4]

[1803  989 1752 2418  939  292 2362 1904 1818 2294  425 1760  545 2422
 1203 1834]


//50
[1836 2380  289  571  421 1761 1872   66 1833  643  871 1899 1750 1805
  283 1904 1774  537 1589   17  130 1862 1866  191   32  640 1129  939
 1749 1834 2287  568 2389 2422  566 1831 1220 1811 1906 1896  567 1814
 1807  279    2 1802 1769  278  282 1398 1826 2157 1751   16    4 1771
 1865 1768 2294  274 1825 1755 2448 1806  291 1724 1876    8  873 1765
 1874 1707 1760  548 1767 1850   15  872 1843  293  549 2171  990 1772
  874 1875 2285   43  577 1849 1763 1819  938  426 1853 1439 1203 2282
 1808 1706    6 1417   62 1861  290 1390   87 1197 1051 2289  281 2426
  411  292  751  250 1193 2394 2360   55 2420  545 2362 2363 1828  936
 1818  367  425 1823 2418 2286  192 1810  424]

[1851 1747 1804  432 1193 2292 1824 1837  641  204  877 1670 1752 1253
 1762]


//49
[ 935 2362 2385  644  753 1398  572 2294  335 2429 1188    8  293  638
 2361 1898 1772 1806 1862 1752 2156 1160  988  522 1861  277 1749 1802
 1763 1906 1199 2383 1837 1768 1205   66 1439 1863 1253 1809  938  362
  192 1850 1820 1832  650  425 1828  639 1440  281  568  549 1204 1866
  283  571 1834  742 1755   36 1887  334 1217 1220 1808 1801  871 1875
 1872  874 1818 1833  563 1407 1890 2286  191 2292 1190 1756 1816   15
  411  989  288   61 1811 1844 1840 1135  873    6 1812 1747 1873 1390
 1822 1706 1826 1207  288 2424  424 1192 2283 2395 1820 1194 1842 1804
  551 2155 1193 1817 1815 2425  537 1758  605  282 2289 1810  431 1326
 1754 1189  548 1855 1807  294]

[ 643 1857 1829 1194 1821 2448 1197 1824  583 1814 1244   32 1891  939
 1864]



//48
[2283 1440 1201 2281  605 1813 1862 2284 1865 1191 1159 1896  572  565
  575 1439   63   44 1857 2384 1765 1756 1350 2425 1751 1844  410  286
 1749 1203    7  425 1834 1841 1890 1744 1832 1206 2420 2289  990  130
 2393 1406  191 1808  288   62  421 2360 1849 1388 2155  876 2292 1135
 2427  522 1442 1818  638 1776  289    6    4 1707 1208 2158 1852 1819
 1817    8   55 1815  292 2417 1806  192 2170 1802 1899  936 1202 1217
 1872  576 1804 1835 1833  431 1589 1871 1244 1825  939 1820 1897    2
  380 1705 1875 1774 1195 1747 1129  193 1904   61  290 2361 1848 1839
 1812 1348 1826 2385 1194 1873 1820 1407 1895 1898  521 1191 1441  873
 1829 1983 1893]

[2287 1851  546  273 1766 1805 1828  640  236 2293  335 1840 2363 1128
  282]


//47:
[ 193  334  279 1805 1983 1440  564 1217  574  548 1892 1843 1205  988
 2293   82 2418  583 2425  270 1804 2156 1820 1896  641 1255 1852 2155
 1865 2294  811  754 2417 1190 1128 1891  938 2426  367 1822 1888  425
 2361  274 2395  288 2385 1193 2420  287 1759   45 2363 1442  285  426
 1844 1825 1803 1441 1848  639 1813 1758  568 2286  751 1194  424 1864
 1206 1829    4 1191  573 1388 1842 1887 1816 1826 2282 1200 1824  421
 1812  989 1871  292  284  335 2429 2157 1748 1849  644 1188  368 1451
  293  288 2394 1827 2290 1840 1191 1193  935  565 2288 1851 1818 1724
 1756  742 1828 1838 1313 1757 1202  380 1832 2422  753 1850    6 2289]

[ 250    6  277 1253 1769 2158 1861  873 1810 1854 1135 2384 1806 2360
  874]


//46:
[1759  293 1816 1842 1826 2289 1838 2420  989  426  279 1206 1824 1191
  874 1313 1832  421 1769 1805 1194  641  873 1828 2155  742  285 1188
 2418 1825  568 1848    6 1803  754 2395  270  548 1757 1441 1871  335
 2282 1812 1217  935 1253 2394  425  288 2286  287 1191 1829 1758  583
 1724 1852  250 2360 2156 1896 1887 1440 1810 1861    6 1840  424 1255
  367  644 1205 2288 1388 1844  277 1193  753  284 2425 1983 2158 1891
 1892 2361 2290  988 1813 2426 2363 1190 1756  574 2422 2385 1128  938
 2157 1865 1200 1451 2294  334 1850  564 1804 1193 1748 1442  639   45
  565  368   82 2384  751 1854 1202 1135  274 1820  292  573]

[1888  193  380    4 1864 2293 1818 1827 1843 1806  811 1822 1851 2429]


//45:
[1253 2426 1896  644 1193 2157 1887 2294  742 1825 1200 1135  751 1861
  270  811  287  293 1854  548 1748 1842  288 1832  988 1255 1758 1759
 1818  380 1188 1822  641 1806  425 1838 2394 1824 1191 1810  424  754
 1194 2286 1865 1440  277 1829 1827 1205 2290  568 1756 1206 1826 1852
 1871  426 2420 2289 1202 2155    6 1848 1128 1193 1983  284 1191   45
 1313 1812 1217 1840    4 2422  938  250 1190 2363  335  873  639  279
 1864 2418 1813 1757 1820 1844  421  573  193 1769 2293  574 2425  334
   82 1803 2385 1724 1816 1892 1850 2360 1388 2158  753  285 2288 1888
  874  935 2156 2384 1805  565 2361 2282 2395]

[2429  564 1442  989 1891 1441 1843    6 1451 1804  583  368 1828  367]


//44:
[2286 1202 2425 1255  288    4 1896  334 1829 1190 1253 1892 1848 1983
 1205  573   45   82 2288  583 2385  644 1822  742 1191 2429  753 1193
 1854 1818 2395 1865  988 1217 1759  285 2156 1832 1861 1442 2361  548
 1757  811 2289 1871 1724 1828 2290 2418 1891 2155 1843 2422  380  425
 2426  284 1200  250  367 1852  335  426 1193 2384  277 1805 1135 1810
  368 1806  568  873  751 1313 1748 2293  287  639 1825 1758 1824 1194
 2363 2282 1813  193 1440 1850  279 1803  874 2158 1451  641  424    6
  565 2360  754  935 1826 1128    6 1812 1842  989 1388 1769 1820 1191
 1756 2294  421 1827 1844  574]

[1838  564 1816  270 1888  293 2157 1188 1441 1887 1864 2394 1804 1206]


//43:
[2283  577 1791  752  250 2380  938 1821 1053 1764 2363 1744 1905 2448
 1820 1810 1705 1813  644  315  421  410   15 1348 2286 2290 2388 1874
 1865 1440 1844 1863  284 1897  545  639 1206  989 1837 1220  935 1763
 2423 1759 1824 2418 1724 1757  521  411   89 1390   55 1827 1898 1825
 1769 1829 1818 2171 1831  575 1849 1896  426 2155  283  334 1843 1193
 1194  362 1749 2421 1871  236 1833 1202   61 1826 2289 1406 2170  565
 1767 1751 1128 1746 1398    7  291 2384  288 1806 2288 1189 2284  571
 1875 1775 1894 1851 1862 2282 2426 1200  367 1441 1857 1192 1983   36
 1852   60 1821 2292]

[1670    8  287  605  566 1850 1313    3 1817 1190 1765 1828  192]


//42:
[ 286  937  334 2361 2391 1854  989 2380  425  272    6  283  939 1842
 1863    7 2286 1873 1819  569  278 1159 2421 1821 1807  566  876   82
   43 2425 1844 1848 1200 1801    4 1899 1826 1853 2281   64 1896  936
  643 2282  641 2158 1055 1407 1872  522 1114 1748 1874 1813 1876 1809
 2360 1205 1589 1747 2388 2382  742 1757 2170  284 1776 1808 2293  568
 2292 1875 2156  236  291 1194  567   32  548  638 1849    8 2291  572
 2386 1753 1833  423 1706 1904 1129 2155 1865 1851   17 1861 1217 1441
  289 1822  873 2171 2157 2283  564 1818  575 1244 1773 1765  573  362
  410]

[ 871 1817  546 1890 1051 1128 2426 1724 1816  550 1326  285 1898]

