//57: 
[2290   62  874  423  551 1895 1905 1807 1832   61  521 2387 1837 1159
  941  873 1763  410  811 2380  272 1839 1808 2390 1771    4 1886  334
 1801  871  935 1862  546 1753 1255  640 1838 1824 1811  204  425  292
 2361 1191 1220 1217 1822 1760    3 2424  281 1759   66 1350 1313  751
 2388 1892 1437  288 1805 1849 1810 1809 1841    7 1806  876 1827 1769
  284 1194 2385 1390 1817 2286  641 1724  193 2156 1831 1200 1815 1193
 1848 1706  426 1852 1803  643 1253 1055 1812 2392 1191 1348  282  563
 1835 1820 2391 1819   15 1840  368  644 1814   17    4 1874 1851  287
  286 1752 1197 1823 2422  294 1889 2363 2285 1451 2291  288 1162  753
 1747 1160 1051 1765 1861  988 1816  577  583 1855  938 2281  277 1705
 2426  754 1828    6 2294 1876 1206 2284  537  290 1821 1890 2157]

[1871  362 2283 2383 1207 1755  130  422 2421 2382 1804 2170 2282 1906
 2288  575 1872 1791]


[2283  294 1876 2157 1197  873 1808 1851  193 2363 1159 1861 1759 1253
  563 1193 1855 1348 2392 2390   66 1862 1390  292 1805  410 1895 1809
 1838 2426 2422  575    4  425 1747 2294 1753  754 1810  422   61 1806
  288  641 1162 2284  362 1791 1200  941 1160  751  130  287 1755 2170
 2286 1824 1437 1769 1872 1803 1889 1874 1752 1906 1841 2156 1191 1821
 1194  521 1827  811 1890  938  537 1886 1812 2291 1822 1835 1763 1207
 1832 2288 2380 1771 1815 1051 1220 2385 1705 1814 1206 1807 1706  282
 2290  423 1816 2361    7 2421 1820 1765  874 1849 2281  551  426  643
  988  284  935 1724    6 1852 1848 2383  876 1804 2285 1819  277 1451
  290  753 1760 2388 1823 1811    3 1905 1831   17  640   62   15  286
  272  334 2391  368  204 1817 1828 2282  583 2424 1350 1255 1892]

[1313 1801 1840 1217  644  281  871    4 1191 1839  546 2382 2387 1055
 1837  288 1871  577]


[   3 1810  281 1806  521 1808 1816  425 2422 1791  643 2383 1220 1822
 2286 1200 1890   15 2391 1805 1747 1838 1755  422  871   62 1849 1804
  551 1162 1769 1817 2421 1871  288 1348 1815  754  988 1862 1159 1821
 1807 1191 2363  423 1906 1771  287 2157  362 2285  935  873 1855  368
 2294 1839 1752    7 2281 2156 1763 2288 1851 1759 1831 1191 2291 2380
 1827  204 1724 1852    6 1814 1055 1765    4  546 1803 1197 2388  537
  272  640 1437 1451 1874 1892 2170 2426 1350 1876 1886  286  753  583
 1840 1835 1706  284 2387  130   66 1905  334 1801  294 1823 1812  426
  575 1760 2382 1895  811 2385 1820  282 1051 2390 1390 1832  277  193
  288 2424 1253 1819 1705 1255 2290 1872 1753  644  938 2284 1811 2283
 1207 1824 2392  410 1828  290 1889 1809  292    4  874 1194 1206]

[1217  577   61 1193  641 2282 1841 1313   17 1861  563  876 1160 1848
  941 1837 2361  751]


[1051 1832 1855 1874 1835 1055  753 2422 2157 1849 2382 1755 2286    6
 1905    7  537   61  751 1837 1823 1760  272 2282 1906   17 1769 1162
 1871 1451 2385  282 1824  551  876 2156  643 1889 1819 1724 1348  422
  583  521 1852 1828 1841  426  935 1807  193  362 1160 1839 2390 1765
 1848 1706 1817 1200   66 1814 1193  294  286 1255  938  575 1197 1206
  281  410 1810 1753 1895 2426 1801 1811   62 1313 1191  130  644  811
 1791 1390  941 1840  292 1816 1350 1808 1827 1822 1821 2361    3 1851
 1886  577 1771  988  425 1876  754 1759 1820 2380 1747 1705 2294 1763
 1892  546 1159  277 2383 1752 2170 2291    4 1890  874  640 1803 1838
 1804 1809 1862 2288  204 1194  290 1806 2290  368 2424 2392 2388 1207
 1815  641 1872 2387 1437 1861 1831  871  287  334    4  288 2421]

[2281 1812 2363 1191 2391 1217 1220 2283  288 2284  423   15  284 2285
  563  873 1253 1805]


[ 751   17 1755 1820 1159  426 1809 1200 2422 1207 1814  753  284 1769
 1191 1804  575  282 2282  425 1451 1160 1765 2387 1051 1886  876 1848
 2426 2286 1851 1815  938  281 1838  563  941 1862 1817  334  290 1253
 1747  277 2424  368 1437 1841  422 1760 2284 1752 2361 2363 1771 1892
 1852  935 1348 2170 1821 1763 1191   15  288 1350 1827 2382  874  871
 1832    3  130 1906 1822    4  640  410 1890 1791 2421 2391 2283  521
 2392  193  644  362  551 1824 1849 1874 2291  643 1724 1876 2388 1839
 1835    7 2294 1194  988 1889  423 1806   66 1840 1162 2288 1807 2385
 1905 2290 1759 2285 1819 1812 1805  287 2281 1753  537 2156 1831 1705
 1193  286 1390 2380 2157  811    6 1206 1816 1313 2390  577 1255 1706
  641 1220 1823 1217 1811 2383 1803   61  583  272 1810  546  292]

[1837 1197    4 1855 1828  873   62  204 1055 1872 1895 1861 1808 1801
 1871  288  754  294]


//56:
[2385 1855 1897 1906  811    4 2424 2390 2417  315 1804 1768    3  250
 1774  281  643 2362  293  423  272   55   67  236 1876  335 1853 1857
 1827 1775 1312 1819  941  285 1811 2294 1744 1802 2284 2291 2382   64
 1875    2 1803 1197 1821 1771 1842 1896 1812   16  938 1817 1813 1848
    6 1589 1160 1874  537 1194 1827 2427  937 1839 1761  424 1801  988
  548 1162 1872 1398 1205 1904 1754  286 1193  577 1764 1835  521 1199
 1831 2170 2281 1129 1898 2361  426  572 1207 1905  989  872  605 2448
 1217 1828 2394 1834 1823  278 1220 1829 1821 1820 1451 1837 1854  569
 2429 2285  935 1750 1865 1743  549  644  752 1862   17 1820  567   43
 1841 1871  990 2425 2289  367  638 1885 1772 2290 1388  753 1760 2360
 1806 1810  362  874  193 1791 2171  284 1442 2383 1193]

[ 574 1873 1808 1417 2157 2393 2392  421   44 1832 2286    4 1190 1851
 1765 1407 1055]


[ 572 1764 1771 1407 1885 1820 1831 1821  421 1855 2157 1760 1589 1761
 1205 1193  278  990 1808 2360 1820  753 1834  941    2 2383 2390 1871
  752  281  644   67  426 1874 1312 1802  286 1207 1819 1803 1905 1828
  521  537 2361 1791  935 1217  423 2290 1896 1832 1873    6   17 1160
 1876  872 1774    3  811 1744  549 1811 1872  643  193 2170 1750 1835
 1862 1417 1162 1823  574    4  285 1442 1398 1055 1193 1754  874  638
 1772 1827    4  362 1898 1906  236 2281 1775 2425 1743 1806 1813 1804
 2294  989 2289 1817   44 2429 2392 1129  424 2394  250  938 1199 1897
  577 1810 1865  605 1839 1853 1768 1821 2424 1801 1190 1851  293 1388
 1841 2385  367 1829  315 2286 2382  548 2448 1837  272   55 2362 1827
   64 2417  988 1194 1842  284   16  567   43 1765 1875]

[1904 1848 2284 2291 2285 1451 2171  335 1812  937 1857 1220 2427 1854
  569 1197 2393]


[1312 1876 1744  605 2383  549    3 1865 1772 1442 1904 1821  335 1811
  872 2448  988  644  426  285  572 1896 2390   43 1873 1129  423 1831
 1801 2285 2157  935  638 2394 1194 2425 1817 1857 2360 1771 1207 1862
 2289 2281  250   64 1791 1803 1872  567  272 1820 1802  938 2290 1834
  236 1193 1827  989  362  811 2362  286 1761 1754  315 1810 2291   16
 2361  293 1388 1398    4 1451 1217    2    6 1898 2393 1812 1764 1162
 1885 1820 2417 1842 1871 1853 1841 1851 1760 2424 1804  421  193 1750
 2286 1855 1848 1897 1055  284 1220    4  990 2382 1197   67   17 1823
 1828  424   55 1839 1813 1832  574 2294  874   44  548 1837 1835 1819
 1821  941 1193  569  281 1905 1190 1774  643 1808 1827  521 2284 1854
 2429 2392 1875 1806 1765 1205 1160 2427 2171 2170 1407]

[1417  577  278 1829 1874 1768  537 1743 1589 1199  752 2385  937 1906
  753  367 1775]


//55:
[1811 1812 2382 1873 1764 2424 1865 2290 1876  424 1834 2361 1220 2393
  638  569  335 1802 1828 1885 1194 1829 1442  426 1205 1750 1398 1765
 1791 1821 1872 1813 1193  574  193 1848    2  935   55 1407 1754 2281
 2390 1451 1905 1055  605 2294 2448 2383  362 1801  521  285 1896 1761
  423    4  548  989 1839 2284 2289    3 1772 1589   44   64 1817 1898
 1862  272  284  549  250 2429  988 2392 1388 2394 1744  811 1823 1832
 1842 2171 2385   17 1190  367  293  286 1803    4  572  643   43  278
 1820 1199 1835 1207  752 1875 1857 1831 1841 2286 1808 1197    6  937
 1804 1162 1417 1853 1897 2360 2427 1774  567 1775  990 1810  577 1874
 1906 1904 1821 1871 1851 1855 1827  872 1193  753 2362 1854  315 1806
 2417 1312 1771 1820 1129  537  281 1743]

[ 236  874  941 1160 1217 1819  644   67 2170   16 1837 1768 2425  938
  421 2291 2157]


[1129  941 1854 1442  811 1207  285 2171 1865  362  872 1771 1875 1872
 1160  367 1874 1589  643 1775 1193   17  988 1827 1791 1842 1220  874
 1768 1820 1772 1823  278 1885 2157 1835  548  426 1848 1806  423 1905
 1821 1761 1055 1820 1199 1810  990    4 1821   64 1804 1898    3 2429
  989 1834 2393  421  572 1407  281    6  424  293  938 1829 1802   67
  286 2392    2 1417   43 2390 2362 1750  250  549  335 1819 2385 1197
 1813  521 1388  272 1398   16 1832 1803 1812  537 1828  284 1831 1851
 2417  574  752 1190 2394  753 1876 2448 2360 1194 1205 1871 1862  569
 2286 2361 2291 1906 1312  638   44 1801 1754  236 1764 1162 1837 2170
 1774  605 1765 1193 2294 2289 2382   55 1744 1451 1811 2424  937    4
 2284  193 1855  644 2427 2290  315 1897]

[ 567 1904  935 1217 2281 1896 1841 1853 1808 1817 1857 1873 2383  577
 1839 2425 1743]


//54:
[  17 2385  988 1193  941  537 1829 2424 1823 1839  567  643 1589  938
 1876  250 1871  638 1129 1873  874  811 1217  278    3  572   16 1190
  236 2170 1906  284  753 1388 1885 1841 1821 1874 1768 1451 1875 1220
 2286    2 2393 1160 2362  577  335 1812 1775 1862 2427 1810 1837 1898
 2284 1801 2157   64 2281  281   43 1207  752 1754 2394  285 2425  574
  569 1827  421 1791 1750 1312 1772 2294 2382 2290 1193 1853 1831  362
 1803  644 1761  193 1197 1407 2383 2417  293 1743 1820   67 1774 1828
 1765 2171  315  424 1835  286 1804 1832 1851 2390 1872 1821 1857  549
 1904   44  989 1854    4 2429  426  990 1162 1764 1808 1398 1055 1417
 1806  521 1813 1896  367  423 1842  605 1205   55    6 1820 2360 2291
 1834 1855 1771    4 1848]

[2289 1442 2392  935 1817 1811 1865 1199  272  548 1819 1897 1905  872
 1802 2448 1744]


[2417  990 1897  811 1197 1819   17 1193  872 1451 2424 1803  574 1190
 1855    6 2170 1828 2362 1774  293 1160    2 1874 1841 1873 1743 1853
   43 1827 1906 2394 1829 1817 1312 1771 2390 2290 1754 1875 1848  193
  572  250  549 2448  421  367 2281   67   64  941 1898  569  753  335
 1820 1872  284 1810 1823 1865 2427  362 2286 1417 1129 1834  874  577
  537 2289 1750  989  423 1831    3 1821 1207 1802   16 1764  521 1589
 1842 1835 2393 2385  426 1832  638 1905  285    4 1744  567 2360 1765
 1162  272 1220 1851 1813 2382 2383 2171  424 1896 1055 1857   55 1862
 1388 1199 2392 1904  988 1205 2291 2429  281  938 1791 1775  644    4
 1811 2157  605   44 2294 2425 1398 1442 1761  548 1772 1217 1885  278
 1193 1876 1808 1820 1837]

[1804 1768 1407  315 2284  643 1806 1839 1871 1821  236 1812  752  286
 1801 1854  935]


[1819 1398   44 1754 1801   64  569 1451 2427 2286 2448  935 1193  278
 1851  753  567 1834   17  424 2393 1743 2362 1765 2425  236    6 2394
 2291 1876 1874  643 1312  193 2290  421  272 1804 1388 2360 2171 1791
 1205 1853 1821  988 1865 2281  426    3  250 1407 1873 1897  367    4
 1589 1774 1885 1129  537   67 1842  605   43 1764 2289 1813   55 1160
 1906 1862 1197 1162 2392 1828 1835 1857  549  281 1831 2429 1772 1768
 2385 1829  285 2294 1806 2157 1744 1055  990 1220  644 2390 1871  941
 1207 1775  284  577  548  874 1190 1832    2 1193 1820  752  315 1896
  423 1810 1841 1905  293 1750 1839  638 1808  362 1904 1417 1898 1821
  335 1812 1771  811 1872 1854 1199 1217  572 2417 1817 1761   16 2170
  286 1811  989 1827  872]

[1442 1803 1802 1855    4 2284  521 2424  938 2382  574 2383 1837 1823
 1875 1848 1820]


[1819 1768 1808 1812 1857    3 2157 1775 1904 2289 1765  572 2390  423
 1055  811 2360 1129 1842  938 2170  752 1388 1874 2383  286 1906  285
 1764 1837 1872 1839 1750  284 1442 1821   16  988 1820 1407 1897  941
  426 1190  567 1885 1803  250  236   67 2284  424  874  293  643 2393
  569 1821 1841 1772 2362 1801 1205  537  335 1804 1193  577 1451 1831
 1875 2424 1744 1898   44 1806 1589 1871 1832 1828 1855 2417  990  278
 1398 2286 2429    4    2 1827    6 2448  367 1417   55  362 2382 1810
 1217  989 1220 2427 1813   17  605 2425  638 1817  644  548 1802  421
  549 1876 1162   43 1199 1743 1862 1791 2394  521 1197 2171  872 2392
 1820 1771  315 2294 1774 1905 1754 2291 2281 1207 1873 1811 1853 1823
  193 2385 1851 1865 1761]

[ 935 1834 1848   64 1896    4 1160  281 2290  753 1193 1312  574 1854
 1835 1829  272]


//53: not work for a long time, might delete one important data from 52 each song
[  64 1772 2291 2392 2290  335 1820 1871  293  426 1754 1810 1162  286
 1875 1904 1837 1854  521 1217 1842 1417 2417 1802 2294 1398  250 1853
 1205 1821 1199 2382   43 1808 1806 1813 1190  988  644 1761  935 2286
 1744  236 1819  285 2171  990 1801 1193 1823 1388 2289 1828 1873  193
 2427 1812 1827 2281 2424 1831 1817 1312 2429 1775 1193 1820  872 1857
 1129   55 1839 1220 1207 2383 2394 1803  272   16  569 1768 1750 2425
 2284 1898  752 1197 1905    3  549 2448   44 1874 2360 1771 2393 2390
 1835 1896  874  278 1804  638  567 1885 1407  421    2 1829 1841 1906
 1851    4 1764  574 1160 1834    6  989 2385  577  643  281 1774  753
 1897  315 1791 2362 1589 1855  938  284 1821  811  548  572  537 1442
 1765 2157  941]

[1848  362    4   17 1743 1862  424 2170 1451   67 1832  367 1865 1872
 1055 1811]


[ 426  537  250 1813 1871  811 1817 2392 1193  548 2390 1806  315   64
 1853 1835  272  938 1820  521 1839    6 1851  752  935 1744    4 1129
 1199 1750  872   67 1841 1162  367 1589 1802  753 1388 1904 2385 1743
 1761  193  874 2291 1398  643 2286  988 1207 1768 1875 1791 1831 1312
 1821  424 1862 2171 1407  293 2382 1803 1205  572 1771 2281 1442 1828
 1829 1874 1865 1765    4 2362 2448 2290 1193 1897 1772 2157 2294    3
 1872  638  990 1160  335 1848 1417 2289 2394  577  284  569  362   44
  941  989 1190 1832 1834  285 1898  286 1810 2427 1764 1821 1811 1819
 1217  574  278 1220 2417  549 2424 1820 1775  644 1905  236 1842 1837
  281 2284   43    2 1451 1823 1855 1774 1804 2393 1055 1827  421 2170
 1857 1808   55]

[1801 1896 1754 2383 2360 2429  567 2425 1906 1873 1885 1197   17 1812
 1854   16]


[1806  574 2390  548  569 1839 1837  752  872 1885 1853 1896   67 1407
 2171 2290 1821    4 1589 2291 2383 2417  315 1199  989 2427 1442 2362
 2360 2281  521  990 1193   43   64 1905 1764  935 1761 2392 1855  278
 1865 2170   44  577 1820  567 1872  335 1205 1835 1802   55 1827  941
 1810  193 1398 2424 1821 2382  250 1873 2448  362 1828 1768 1774 1904
 1197 2385    3 2286 1750 2294 1207 1217    6 1823 1451 1771 1897  811
 1874 1829  537 1862 1775  572 1417  424 2393 1842 1190 1811 1388 1834
  874 1804    2 2425 2284   16 1841 1743 1055 1803 1851  638 2157 1812
 1871 1129 2429 1832  281   17 1820  285  426 1848 1854  272 1817 1831
 1898 1906    4 1744 2289 1765 1312 1801  988  643  284  293 1754 1160
 1875 2394  938]

[ 753  549  236 1819 1162 1857 1791 1193  421  644 1772 1808 1813 1220
  367  286]


[1813  286 2390  424 2284  236 2427  938 1874 1193  577 2394 1812   44
 1744  638 1162 2286 1220  567 2171 1885 1772  811 1837 1848  643 1398
 1896 1775 1853 1820 1834 2429 2170  285 1764 1906 1801  569 1417 2291
 1829  548 1765   64  988    3  193 1750 2417 2424 1768  281 2360 1199
 1875 1811 2383  753  549 2385    6 1832 1761 1791 1865  367 1862 1817
 1857  572 1407 1905 1842   16 1451 1806   67 1774  935 1821 1898  752
 1897 1160   43 2392 1589 1388 1821 1831  278  574 1873  990 1312 1820
 1810  335    4 1839 1205  537 1207 1871  362 1855 1803  874   55  250
 1754 1823   17 2289 1841  426 1819 2157 2448  521 1828 1804 1827 1129
 1872 2362  315 2393 1771 1904    2 2382  272 1743 1808 1835  284 1442
  941 1851  989]

[1190  872  293  644 2425  421 1193 1802 1854 2281 1197 1217 1055 2294
 2290    4]


//52:
[ 577 1803 2448 1871  335  572  521 2392 1898 2417  938  990 1829 1827
 1768 2394  643 1819 1821 1835 1193 1808  272 1828 2281  250  537 1205
  574 1823 1812 2385 1820 1199 1813  315 2289 1897   67 1589  753 2170
 1190  426  874  286  989 2360  424   44 1848 1837  567 1839 1761 1841
 1873 2157 1865 1743    3  293 1772 1806   55   43 1197 1451 2382 1407
 1312  236  569  941 1193 1744 1811 1857  548 2291  549 1875 2393 2290
 1764 1904 1831 2294 2429 1774  284    4 1885 1442 1853 1834 1872 2390
 1874 1417 1765 1750  281 1896 1906 1775   16  421  367 1821  285  752
  872 1801 1791  644 1851 1810 1842 2424 2362  988  193 1862   64 1855
 1771 1217 1754 1820  362 2284 1220 1160 2171 1905 1207 1388    6  935]

[ 638 2383 2427 1129    2 2286 2425  278 1802   17    4 1398 1854 1817
 1804  811]


[ 988 1813 1811 1834  990 1817   55 1398 2170 1873 2393 1821 2424  549
 1872   43    4  644  569 1857 2427  421 1199 1743 2417 1197 1312  367
 1853 1806  272  643  567 1417  638 1764 1829 1842 1820 1193 1803  293
   67 1874 2289   16 1744 1205   44   17 1804 1765 1217  315 2448 1827
  874 1862  521 1885  284 2171 1812 2429  752 1835  193 1761  362 1207
 1774 1750    2 1865 2394 2284 1898 1451 1823 1589  250 2382 1821    6
  989 1839 1407 1801  938 1190  548 2425 1810  872  935  285 1851 1896
 1841 1193 1837  941 1791   64    4  426  278 1897 2281 1831 1220  574
 1808 1160 1820 1768 1871 1442 2157 1848 1819  281 1754 1854 1855 1904
 2291  236 1906  286  577  753  537 1775  424 1802 2286 1772 2383 2392]

[2290 1905  335 1129    3 1875 2390 2362 2294 1771 2360  811 1388 1828
  572 2385]


[1829 2417 1875 2290 2427   64 1774 1865 1837 1842 1589 1831 1835  293
 1806    4 2362  284 1803 1810    2 2425 2392  549 1811 1896 2448  643
  421 2390  941  548 1853 1897  938 1754  753  272 1819 1904 1407 1193
  569  574 1744  935   55  811  872    3 1804 1312 1851 2385  315 1197
  537 1862 1812 1388 2281 2383 1834   16  567 1898 1761 2294 1808 1873
 2360 1775 1772 1765 1905 2289   44 1217  424 1821 1768 1839 1821    4
  752 1802    6  236   67  521 2424 1129 1857  250 1451 1874 2429 1160
 2394 1743 2171  638  278 1207   43 2393  990 1872 1205 1220  577  874
 1791  281 1854 1823 1871  572 1193 2286 1190   17 1820  362 1801 1199
 1820 1817 2291  989 1827  335 1828 1771 2157  426  367 1841 1750 2284]

[1813 2170  193 1398  988 1885 1442  644 1764 1906  286 2382 1417  285
 1848 1855]


[ 811 1761 2286 2427 2281  644 1821 2383 2170 1897 1831 1417    3 1848
 1865 2393 1193 2360    4 1817 1388   64 1217 1199 1190 1871 1906 1855
  643 1823 1819 1905 1768 1812  335  426 1821 2425 1802  281  941 1750
 2157  872 1207 1774   55   16  250  293 1851 1813  236 1808 2289 1857
 1820 1904  193 1129 1806 1160 1839  753 2291 1811 1841 1220 1829 1804
 1765 1407 2171 1764  990 2429 2362  286 1827 2390 2382   67  272 1842
 1885 1803 1791  549 2290 2385  638 1451 2448 1896  537 1442  521 1589
 1873  548 1810 2284  572  574 1775  362 1837 1834  569 1193 1898 1771
  367 1398 1835   43 1820 2417 1872 2424  567   17 1197 1828 2394  285
 1744  421   44    6  935  988  284 1853  424  278  315 2294  938    2]

[1205 1854 1801  577 2392 1874 1862 1772    4 1754 1743 1875  989  752
  874 1312]


[  44 1407 1802 1835 1820 1442 1906  521  315 1827    6 2427 1589 1842
 2424 2170 1810 1417  574 1761 1885 2281  285  938  281 1774  421 1129
 1828  548 1750 1744   67  638 1855 2425 1811 1854 1813 1190  643 1829
 1772 1821 1839 1801 1312 2362  935 1837 1821 1874  549  426 1803  567
 1388  537 1820 1765 2289 1197 1905 1193 1857 2394 2429  284  293 1771
 1199 1754  367    2 2393  753 1848 2392 1897  569  286  335 1875 1853
  236 1871  811 1205 1220 1193   43 1865  193   55 1451 2382  988 1831
    3 2286  272  250  362 1851 2417   16   64 2390 1896    4  752 2171
 1806 1819 2383 1841  941 1398  872 1775  424  990    4 1217  278 2294
 1834 1872 1207 2291  577 2157 2385 2284 1768 1804  572  989 2290 1817]

[1873 1862  874 1823   17 1743 1898 1812 1764 2360 1160  644 2448 1808
 1904 1791]


[ 549  938  367 1813  426 2385  335 1819 1217 1823 1417 1744 1854 1842
 1398 1820 1197 1761 1804    2 1896  935 1754 1312 1801  278 1871 1834
  236  424 1808 1407 1835  574 1791 2360  569   44 1817 2294 1129 2291
 2448 1199  989 1885  284 1831 2382 1873 2286 1803 1848 1811 2393   55
 2281 1872 1220 1764 2170    3 1442   67 1906  521 1806    4 1802   16
 1768  990  988 2427  293    6 1810 1821 1839 2284 2425  572 1207  752
 1812 1875 1193 1820 1905  874 2417 1743 2171  281  362 2157 1451 1898
   43 1874 1857 1772 1855 1865 1771  250 2289 1190  811  285 1750   17
  941  548 1205  638  872   64  286    4 2424  577 2383 1821 1841 2392
 1774 1897 1388 2394 1160  567 1827  753  643 2362 1837  193  537 1862]

[1851  644  272 1853  315 1904 1775 1828 1589 2390 1829 1765  421 1193
 2429 2290]


[ 335 2170 2417 1906 1207  643 1217   44  426 2427 2360 1205  521  577
 1804 1857 1772  250  236 1791  572 1854 1817  367    3 1829   43 2448
 1813 1812 2424 1871 1199 1905  421 1837 1831 1853  567 1765   67 1897
  638 1764  990 1874 2394 1819  549 2284 2390  548 1761 2289  424 2429
 1862 1160 1896  285   16 2290 1808 2286 1823 2294 1768  272 1774 1190
 1398  569 1754  574 1810 1775 1872  286  315 2383 1842 1848 1821    4
  278  752    2 1442 1827   55  988 1875 1802 1885   64 2291 1193 1834
 1388 2157 1197  537  989 2392 1129  938 1820 1841 2171  193 1865 1771
 1820 1811 1873 1801  293  811 1904  941 2425 1821 1839  284 2393 2385
 1750 1417  281  874  872 1407 1451 1743 2362 2281 1855 1193 1220 1851]

[   4   17 1806 1835  644 2382    6  935 1898 1744 1312  362 1589  753
 1803 1828]


[1885 1905  941  644 1205 1407 2284 1744 1199 2291 1312  643 1772   43
 1829 1842 2360 1855 1823 1451 1811  421  193 1873 1129  811  549 1193
 1764 1865 2392  285 1813 1768   44 1774 1831 1817 1841 1398 1417 2394
 1217 2427 1828  572  521 1220  362 1160 1197 1898   16 1806 1857  938
 2424   55 2385 1853  990   17  278   67  281 2362  250 1821 1896  284
 1801 1743 1775    4 1190 1875 1874  935 1193  537 2390  424    2 2417
 2281  548 1872 2286  272 1765  874 1804  872 1854 2289 1820 1803  574
 1388 1835 1837 2171 1834 1812 2382 2170 1862    3    4  638 1808  752
  753 1771 1819    6 1750 1442   64 1897 1848 1791  426  988  567 1871
 1906 1821 1827  569 1839 1761 1589  293  989  577 1851 2448 1802 2425]

[2294 2393 2429  315  286 2290  236 1754  335 2383 2157 1207 1904 1810
  367 1820]


[2291 1808    4 1851 1820 2382  293   43 1810 2385  753   55  335  644
 1589 1417    3 1835  278  426 2281 1853  285  990    2   17 2429 1839
 1842 1813  572 1803 1874 1197  548 1817  938 1193 1828 1791   44 2362
    4 2294  811 2383 1834 1205 1905 2448  567  577    6 2157  935 1811
 1872 2170 1906 1829 2360 2286 1768 2393  988 1827  521 1129  272 1871
 1806 1754 1819 1772  569 1885 1898 1896 1857 1765  193 2390   16 1862
  367 2424 1160 1193 1207 1904 1220 1821 1442 1744 1190 1750  874  362
 2284 2290  281 1873 1831 1804 2289 2425   64 1761 1217  424  284 2427
 1388  236  537 1451 2392   67 1771 1865 1821  638 1837 1848 1820 1743
 1775 1897 1199 1802 1801 1764  941  643 1312  752  250  286 1812 1875]

[1774 1398  872  574  989  421 1823 1841 2394 1407 1855 1854  549 2171
 2417  315]



[1772  752 1842  272   17 1817  362  421 1765   43 2157 1803  872 1820
  572 1217 1197 1873 1589 1761 2393 2291 1160 1837 1775  811  644  577
 2171 1898 1129  574 2394 1442 1853 1828  549 2390 1854 2385 1841 1848
  250  548    2 1829 1220    3  278 1754 2286  874  367 1771 1744 1820
 1407   67 1812 1451 1205 1831  286 1804 1417 2284 1874 2424  284 1791
 2362 1904 1821 1821 1199 2392 1819   44 1193 1834  293 1905  193 1885
  567  521  335 1875 1398 1810 1857 1190 1823 1865 2360 1813 1743    6
 1862 1872  315 2448    4  236  989 2383 1764  938 2417  537 1312 2170
 1750 2290  281 1835   64  941 1906  753 1851 1193 1855   16 2289 2429
 1768 2382 1839 1896 1827 2294 1207 2425  638  285 1806 1388  988  569]

[1808  935 2281  424 1897 1811 1774    4   55 1871  990  643 1801 1802
  426 2427]


[ 537 1190 2429 2425 2360 1765 1821 1804 1764 1828 2385 1398  874   43
 1803 1872  752 1774  426 1754 1871 2448  811 1812 2393  236 2286 1806
 1898   44 1835 1837 2157 1897 1823 1388    4 1855  362 1197 1199 1417
 1451    3 1802 1831 2390 1841 1810 1853  572 1904 1829  421  938   17
  988  643 2417 1761  424    6 1820 1801 1857 1905  272  941 1589 1821
 1207 1851 2382 1743 1811  315 1791 1820  638 1768 1896 1906 1817 1842
 2290  577 1808 1750 1875  521 1862 1772 1220 2289 2294   64 1205 2392
  281   67 1885 1775    2  285  567 1854 1834  990  548  549 1312 2427
  335  569 2362 1865 1407  293 2394  644  989 1744 2281 1827 1193 1819
  193  872 1193 1442 1813 1771  367 1160 1874  278  284 2424   16  286]

[ 250  753 1848 2383  935  574 2171 1129 2170 1839 2291    4 1873   55
 2284 1217]


[2291 1744 1906 2286   64 1417  988 1197  250 1853 1810 1829 1813 1220
  236 1862 1772 1831 2360 2383 1743  567   44  424 1896  293 1803    2
 1801 1193  537 1190 2284 1812 1823 1841 1589  315   67 1442 2362  569
 1761 2294  941 1839  574 1842 1811 2385  548   43 1857 2382  367  811
  426 1451  938  990 2394 1388 1898 2427  874  285  278  284 1854  549
 1312 1199 2289  638   55 1855 1205 1820  193 1193  421 1821 2392 1765
 1754 2429 1904    6  753 1791 1821 1871  335 2424  577  872 1217 2390
 2448    3 1817   16  935 2281 1897  521 1768 1851 1806 2417 2171 2157
 2393 1874  286 1872 1771 1834 2170 1750 1865  362 1398 1819 1775 2425
 2290 1905  989    4  272 1764 1774  643   17 1885 1835 1207 1873    4]

[1407 1848 1160  572  281 1875 1129 1828 1820 1808 1827 1802 1804  644
  752 1837]


//51:
[ 752 1810 1188 1821 2448  939 2425  191 2420  431  287 1749 1906 1889
 1207    6 1051 2387  422 1827 1244  568 1312 1828  362   43  605  545
   32 1819 2282 1821  546 1804 1983 1724 1220 1811  574   65 1848 1814
   67 2170  278 1824  273 2294 1805 1768  564 1822  250  941  204 1826
  411  990 1875 1895 1893 1872 1776 2360 1390  423  935 2157  334  937
 1129  877 1837 1835   63  874   82 1190    4 2362 1865 2289  293 1746
 1833 1191  641 1135 1855   36 1896  288 2284 1350 2283 2155  274 2363
 2292 1809 1193 1852  640 1873 1836 2287 1437 1853 1398 2394   17  811
  380 1192 1417 1756 1850  571 1813  938  639  754 1192 1829  547 1812
 1753 1871  577 1206 1832  989 1888   62  563 1876  272]

[1803 1802  575  548 2384 2386 1451 2382 1897 1707 1807 2385 2393 2392
 2171 1899]


[2294 2155 1129  278  273 1753  577 1906 1837  877 1848   67 1983 1803
    4 1832 2448  563 1756  250 1746  874 1829  811 2382  546 1865  547
  548 1768 2157  362   63 1776 1350  288 1889  935 1824 1888 1192 1899
 1872  639 1805 1827 1437 1897  380  575    6 2292 1811   82  204 1051
 2287 2362 2420 1206  422 1813  989  431 2171   32 1724  272 1873  334
 1836 2392 1893 2289 2384  641  574 2393 1821 2387 2283 1828 1821  990
  564 1193 2363 2282   62 1810  939  191 1812  571 1822 1895 1826  545
  752 1871   36  754 1852 1417 1804  423  605 1835  274 1876 1312  411
 1190 1135 2425 1809 1850 2385 1853 1188 1191 1707 1451 1220 1896   17
 1875  287 1192 1749  293 1814 1855 2284 1833 2170 2394]

[1390 1207 1244  568 1807 2386 1819  937  941  640 1802   43 2360  938
 1398   65]



[ 571  423   67 1220  431 1850 2393 1350 1837   63 2157 1809 1192 1814
  938 1865 1819 1873 1753  641 2363 1206  545  547  605  937 1188 1244
   17 1833 2392 2382 1897 2282 1848 1768 1190 1824  191 2448   43 2387
 2360 1811 1875 1192 1871    6 1821  577 1855 2294  811  274 1191 1906
  935 1746  877  564 2287 1398   82 1828 1193 2394 1312 1810  546 2292
 2155 2170 2284 2385 2420 1812 1437  380 1776 1707 1051 1832  278  287
   62    4  754 2289  752 2171  990 1803  574 1807 1899 1804  334  568
 2425 1872 1390 1835 1836  939  411  563  362 1821  273   65  941 1896
 1829 1135   32   36 1417 1451 2384 1876 1749 1827 1826  874 1802 1893
 1895 1889  548  250 1129 1888  640  989  288  575 1853]

[1207 1822 1852  272 1813 2386  204 1756 1805 2283  422  293 2362 1724
 1983  639]


[ 431 1199 1670 1983  521 1755  283  937  274 1743  751 1825 1843 1776
  549  752 1807 1832 1201 1842 2395  936 1828 1819 1772 1816 2388  380
 1189 1866 2418 1833 1851 2362  988  872  989 1850 1865 1841 2427  565
 2380 1853 1891 1886  545 1348 2285 1829 1750 1824 1764  877 2292  250
 1835 1827 2289  546 1817 2381 1192 1195 1440 1813  424 1768  193 1765
 1837  334 1838 1589 1188 1822 1193 1844 1754  204  563 2158 1848 1129
 1205 1706  935  281 1854 1831 1200  315  289  410 1821   32 1451 2448
 1705  941 1197   63 2291 2387 1744 1809 2286 1812 1206  641 1763 1855
 2287 1803  537 1192 2361 1388  425  286  236  290 1326 1398 1748  277
 2386  278 1814  568  423  640 1753 1904 2283  871 1114]

[1872 1055  426  548  522 1804 1836  575   36 2424 1897  940 1821 1724
 1839 1193]


[ 431 2395 1348 1833  546  274 1192 1850 1754 1866  380 1114 1206 1750
  640 2289  522  877  641 1836 2158 2283 1839 1743 1814 1440 1326 2361
 1848 1809 1706 2424 1755 2380 2418 2427 1724  751 1831  940 1201 1772
  334 1904 1829  568 1827  424 1388 1193  872 1205 1744 1841  290 1763
  278  989  193   63  941  565  935 2448 1753 1817 1897 1807 2388  549
  548 1188 1765  988  752 1838  537  315 1837  575  425 1832  410  281
  423 2381  545 1776 1824 1451 2287 1189 1748 1816  286   36 2387  289
 1825  563 2362 2386 1193 1195 1803 1842  277 1821 1983 2292 1192 1764
 1199  283 2285 1200 1129 1844  521 1055 1891 1819 1822 2286 1854 1768
 1843 1872 1865 1398  236 1853 1670 1828   32 1835  204]

[1886 2291 1589  936 1813 1855 1812 1804  871  250  426 1197  937 1705
 1851 1821]


//49:
[ 990  872 1904   62  421 1765 2422 1811 1760 1810    6 1850 1834 1862
 2363   55 2418 2282  281  130 1833 1849  250 1818 1747  548  274  566
  424    4  282 1771 1398 1876  426 1831 1751  641 1837  877 2171 1439
  549  874    2  571  279 1589 1823 1197   15 1866  545  936 1752  640
  939  289  411  291  204  367  283 1755 1836 2287 1129  425 2426 1896
 2292 1861 1707 1819   66 1853 1899 1807 1763  192   16 1203 2286 1825
 1390   87 1706 1808 1826  432   17 1193 2362  567  293  290 2157 1814
 1872 1253 1051 1774 1750 2380  938 1851 1772 1749  751 1769 1828 2394
  537 1762  568 2289   43 1806    8 2360 1417  873 1865 1906 2448 1193
  871 1805 1768   32 2294 1220]

[2285 1824 1724 1874 1875  643 2420 1804 2389  577 1767  278  191 1802
 1843]


[ 877 1899 1814 1828  872  289 1811 1129 1850  191  367   32 1807 2286
 1772 1762 1724 1707  873 1834 1197  278   43  274 1253 1906 1824  566
 1747 2171 2380  411 2294  426 1398   87  279 1390 2360 1439 1872  548
  936 1751 1808 1767  290  250 1833 2426 1843 2362 2289    4 1823 1896
 1193   17  871 2422 2285    8  577 2157 1769 1768 1051  567 1862 1810
 1220 1193 1755 1818   62  568  537  938 2389 1875 2287 1825 1760 1851
 1763  421  571 1750   66  425  432 1837  640 1765 1802 1805  990 1831
 1861   55  641    2  192 2394 1826 1806  291  545 2418 1853 1865 1874
  204 1706 1849  424  282   16 2363 1749  281 1774 2448 1876  549 1804
 1203  751  643  874 2282 2420]

[1819 2292  283 1836 1904  130    6 1589  939 1417 1771 1866   15  293
 1752]


[  43 1824 1802 1749 1853 1398 1129 1417 1760 1755 1197 1866  293 1390
  130 1818  289  367 1806  566  873  432  990 2285 1589  278 1874 1876
 1831   16  424 1747 2422  291 1810 2363  567  577 2394   62 1850  939
 1826 1899   17 1904 1769 1872 2282  641 1875 2287 1724    2 1811  281
  549 1805 2294 2157 2389  274  568 2418   15   66 1253 1814 1768  537
 1220 1752 1825 1834 1807 2171  279 1828 1765 2292 1706 1837 1771 2426
   32  643 1865 2360 1843 1851    6 1823  751 1763  421 1751 2286 1862
 1193 1439  204 1707 1896  290  283 1804  872  548 1833  425 1906 1051
    4 1750  411  545  877   87   55  938 1819  936 2380  871  192 1767
 1808 2448 1774 2362  282 2289]

[1836  571    8 1849 1203 1772  426 2420  250  640  874  191 1193 1861
 1762]


[2420  367   17 2360 1825 1755 1866 2426 2286 1804 1831 1724  192 1808
 2282   62  282 1906 1772  289 1818 1849  421  250 1774 1762  274 1760
 1862  577    8  545 1861  939   66 1814 2418  432 1767   43 2448 2287
 1828 1872  290 1197    6 1417 1589  877 1051 1843 1220 1833  568    2
 1763 2294 1806 1876 1874 1129 1193  567  751 1899   87 1750 2362  191
  281  425  938 2394 1819 1834 1896 1765 1850   16 2380  424  936  426
 1807 1875  537 1747 2285   55  293 1865 1805  871  566 2171 1811 2389
  548 1203 1810 1768 1390  291  279 1826 1904  411  643 2289 1751 2422
   32 1253 1802 1706 2363 1769 1752 1707  549  641  872 1853  130   15
  204 2292 1837 1398 1823  990]

[ 874  873 1851  278 1193 1749    4  571 1836  283 2157 1771 1439  640
 1824]


[ 281   16  250  424  425   17  411 1051  990 2285 1818 1825    4  278
  192 1193 1771 1751 2286  936 1724  571 1874 2282 1768 1849 2394 1220
 1828  289 1802 1804  282 1747 1851 1129 1806 1872 1772  290 1850 1417
 1810  283 1814 1749 1750 1861 1769   62  537 2360    6 1203  545 1752
 1398 1906 2292  548 1843 2157 1589 1765 1805 1831 1439   66 1767  567
 1899    8  566 1807    2 1862 1826 2380  643  130 2287 1762 1836  577
 1706 1853  432  204 2294   87  274 1253 1760  549  877  751  568  191
  421 2420  293 1875 1197 1755 1876 2426 2418 1823  291   43 1707 1763
 1811 2171   55 1833  367 2289  640  874 1193 1834 2362 1774 1896   32
 2389  279 2448   15 1808 1390]

[2422 2363 1819 1837  871  873 1865  641 1824  938  872 1866  426 1904
  939]


[  87 2171 1811  274  204 1861 1707 1834  421  567 1872 1751  293 1824
 1899 1806 1767 1765    6 1220 1802 1850 1769 1755 1193 1749  938  568
  751    8  939 1823   62 1439 1851 1398  432 1904  545 2287 1865 2294
  549   55 1853 1836  282  426  290 1747 1814 1197 1896 2286  936 2363
  291  877 2389  871 2448 1828  283 1906 1875 1807 1849 2292 1804  289
  425 1837    4 1417 2285 1750 1768 2362 2426 2422 1825  424 1051 1826
  641 1762 1771 2157 1772 1589  874  872 1253    2 2282 1706   43 1876
 1129  548 1805 1874  192  281 1818  411   15  279 1774 1808 1810 1831
 1760 2418   17 2289 1193 1862  990  250 1763  873 2380  367 2360  643
 1833 1819 1866   32 2394 1390]

[ 571  278  130   66 1724 2420   16  537  566  577 1203 1843 1752  640
  191]


[2291 1191 2290 2360 1407 1805  367 1398 1817 1746 1193 1905  293 1824
  270 1439  422 1874 1774  425  871 1313  567  605 1892 2388 1707 1760
  941 1843 1190 1437 1899    4 2283 1192  426 1825 1743 1440 1828  640
  989 1220 2385  274 2394  874  576 1417 1865  753 1810  362 1451 1051
  410 2363 1814 1813 1808 1871 2420 2288 2287 1849 1208 1861  191  550
  521 2389 1055  752  279 1769 1906  877  292 1827 1863 1819 1826 1893
 1406  288 1753 2284 1848 1756 1889 2429    3 2421 1388 1876  236 2286
  577 2392 2383 2362 2156  650 1833 1821  284  937   89 1162 1898 1840
 1807  281 2418 2426 1312 1192  193  568 2157 1194 1816 1764   61  873
 1855 1190   17 1852 1757 1832]

[1837 1820 2424 2158 1806 2282  289   45 1194  431 1809 1872 1218 2386
 2155]


[2383 1745 1818 1876  550 1833 1840 1852 1892  940  571 1983 2422  583
 1874  283  935 2387    4  367 1191 2362 1773  605 1887  421  290 2421
  753 1189  425  576  422 2290 1765 1053 1851    6 1772 1255 1835  284
 2388 1791 1754 2423  423  751 1890 1806  424 1205  286    4  294 1815
 1849   87 1875  293 2395  521 1897 1855 1841 2286 1862 2157  130 1437
 1193 2385 1829 1055 1129 1819 1822 1755  546 2170 1194  537 1827 1804
  236 2428 2156  193  573 2386 1904  877  334 1872 1857 2281 1188 1398
 1889 1813   82  650 1757 1866  289 1811  575 2171 2285 1831 1861 1204
 1837 1814 2158 1905 1218 2426 1816 1817 1821 2287 1135 2420   61 1828
   15  811 1820 1899  988  549]

[2360 1808  431  277 1417    2 2419  192 1190 1775  432 1762  272 1750
 1823]


[2286 1754 1204 1857  639 1192 1747 1772   36 1818 1801  605 1755 1756
 1833 1898  935 1194  874  334  643 1863 1407 1190 2361  572 1326 2294
 1439 1855 1890 1832 1253 1826 1758 1199 1844  294  873  938  753  191
 1188 1207 2448  551 1840 1768 1862  988  571 1850 1817 2424 2385 1809
 1828 1244    8  281   15 1822 1816  192 1440 2292  563 2395  288 1135
 1807 1194 1752  644 1811  411 1842 1820 1804   61  548 1815  537 1887
 1390  283 2429 1872 1906  425 1197  282 1875  431 1193 1205  568 1866
 1189  871 1810 1763 1160  288 1824 2156  424  277  742 1873 1812 1806
 1837 1808 1864 1891  939  650 1749   66 1802 1821  583 1820  362 1829
 1814  638  549 1861  335 2383]

[1834  293 2425    6 1398  522 2289 1220 2283   32 1217  989 2362 1706
 2155]


//48:
[ 935 1220  643 1207 1808  288 1906 1811   61   36 2283 1820 1812  191
 1801 2383 1160  277   66  939 1815  563 2429 1754 1820 1824 1873  288
 1863 1840 1842  873 1253 1833  334 2289 1887 1809  638 1398 1861 1706
 1752 1390  424 1407 1875 2155 1822  989 1832  411 1821  639 1817  549
 1763 1135  335 1439  431  988 2425    6 1217  281 2362 1192  583 1806
 1188 1844 1828 2156 2424 2385 1244 1440  938 1802  874    8 1834 1814
   32 2448  753  650 1818 2395  362  283  551 2294 1807 1199 1772 1864
 1205 1190 1756  282 1749 1850 1755  742 1826 1204 1898 1866 1872 1890
   15  294 1193  568 1862  293 1810 1768  644 1189 1194  605 1326 1197
  192  571  548]

[1816  522 1891  537 1829  572 1758  871 2292 1194 1857 1804 2361 1855
 1837]


[ 334 1193 1840  572 2294  605 2385 1887  411 1873  939  549 1872 2429
 1820 2448  537  192 1706 1135  742 1756 1811 2425 1866 1190 1810 1842
 2156  288  335 1217 1898  935  362 1829 1826 1806  568 2292    6 1820
  431 2424 1160  522 1755 1808 1814 2361  288 1244  989 2362  282 1407
  643  571    8 1768 1824 1204 1207 2283  294 1834  871  293  283  563
  638  277 1205  938 1817  583 1398   32 2383 1837 1828  874 1821 1197
 2155  424 1192 1758   66 1815 1891   15  548  644 1439 1818  873 1855
 1864 2395 1807   61  551 1861 1194 1752 1863  639 1326 1906 1763 1832
 1253 1822 1875 1749 1890 1194 1857 1833 1772 1816 1188   36 1440 1189
  753 1809 1802]

[2289 1220 1199  988  650 1844 1390 1812  191 1850  281 1754 1862 1801
 1804]


[ 283 1834    6 1817  563 2385 1189 1891  288 1205 1749 1811 1873 1832
  643  938 1862 1755 1190 1192 1842  571  650 1809 2429  572  548 1440
   61   66 1326    8 1824  281 1407 2395  293 1816 1855  282 1826  638
  874  568  871 1828 1193 1204  753  873 1207  583 1866 1906  742  551
 1815 1772 2362 2424 1844 1808   15 2448   36  288 1217  549  522 1768
  431 1197  335  988 1857 1818 1814 1864 1863 2289  605  935 1390 1160
 1194  989  411 1820  537 1754 1758  191 1810 1898 1801 1188 1802 1706
 2292 1804 1807 1194 2294 1820 2155  644 2425 1806 1887 1756  294 1861
  192 1829 1398 1199 1833  639 1821  277 1875 1763 1837 1840  334 1220
  939  362 1135]

[1439 2383 2156 1752  424 2361 1244 1872 1890 1812 2283   32 1822 1850
 1253]


[2382  565  572 1803 2155 1818  989  425 2421 1808 1763 2283 2156  287
 1827 1801 1833  335 1756 1825  191 1312  575 1895  641 1863 1831  644
  282 1749 1905 2360 1760  811 1807   82 1437 2424 1853 1253 2170 1837
 1761 1812 1350 1753 2389 2423 1828  410 1804 1840 1745 2158 1751 1809
  431 1817  566 2390 1824 1670 1864 1892    7   44  547  236 1191  753
 1866 1398 1244  638   60 1442 2281 1791    8  876 1906 2385 2290 1772
  569 1051 1764  367  939 1865 1885 1417 1765 1759  274 2428 2363  285
   89 1757  279  571 2448   64 2393 1814 1200  362 2287    6 1821 2392
  941 2395 1129  315  545  752 2291 1852  877 1854 1823 2157 1839   66
 1192 1813 2289]

[1705 1872 1769 1873 2288  563 1194  546  874 1114 1841 1894 2417 2285
 1388]


//47:
[   4 1745 1189 1440 1746 1895 1791 2363 1201  294  335 2424  567 1893
 1417  876  193  568 1895 1753 1218 2427  277 1820 1823 1758  423  938
 1873  548 1807   36  877 1812 1135   62 1765  283 1835  940 1207  574
 1876  288 1803 1861    7 1407 1816  282 2291 2381 1744 1160  989 1844
 1202 1849 1670  537 2382 1819 1897  431  425 1751 1818 2290 2281 1802
 1821 2286  575 2294 1390 2360 1866 1839 2417 1865 2282  421 1747 1805
 1832  549 1983 1810 1822 1199 1724 1190 2420 1774 1899 1864  577  293
  576  422 1853 1885 1834 1827 1825 1804 1854 2293 1193 1887 1906 1398
  284 1439  426 1754 1220 1828 1752 1827 2385  571 2380  573    4 1874]

[1848   45 1817  564 1888  368 1114   66 1312  874  315  641 1872 1904
   43]


[  82   45 1886  547  334 1895 1764  989 2391  431    4 1350 1390  432
 1819 1848  988 1825 1670 1791 2390 2427  568 1750 1200  573   62 1162
 1854 1844 1761 1824 1442 1806 1724  204 1904  551 1189 2395 1826 1201
 1887  293  572 1827 1828 1771 1757 1190 2423 2155 1188  569  422 1813
  424 1831 1864  423 1841  872 2362 2294 1706  368 2387 1849 1160 1816
 2420 1801 2157  742 1204 1835 1767 1822  191    6 1873  545 1312 2284
 1770 1776  286 1898 1905  315    7 2384 1876 1906 1815 1417 2158 1217
 1135 1871 1840 1851 1439 1326  272  289 1193  288 1817 1810 2282 1159
  522 1707 1191  940 2171  130  362 1751 1832 1821 1055 1823 1194  548]

[2170  574 1896 1820  425 1837 1874 2283  640  279 1129 1821 1754 2285
 1807]


[1820 2361 1194  279 1829  368 1417 1162  577 1843  236 1764  422 2448
  641 2426 1589 2386 2156  274 1850  315 1816  537  564  650 1857  754
  583 1801 1848 1670  281 1862 1440 1853 1828 1840 1190  289   87   32
  576  334 2171 1802  575 2394    7 1751 1439 1821  989 1825   60 2417
 1839 1891 1805 1823 1895  545 2380  551 2282 1724 1824 1197  283  565
 1773  640  563 1398 2283 1753 1906 1707 1160 2290 1852 2284  521 1776
 1831 1114  936 2362 1791 1312 2281 1836 1898 1835 1820 1904  193  639
 1876 1217  742  284 1051 1865  643  941 1775  874 2382 2392  426  938
  876   65 2418 1810 1893  937 1406  548  572 1842 1811 1812 1851   67]

[1899   15 1817   82 1821 1765 2285 1348 2158  751 2294  288 2157 1873
 1326]


[1162 1759 1904 1589 2388 1854 1809  547   36 1748 1053 1841 1808 1875
  426  874  939 2428 1202 1205  293 1844 1194  639 1773 1850 1895 1190
 1193 1244  548 1805  752 1888 1831 1766 1753 1832 1128   89   63 1823
 1894 1670 1762  335  380 1203  937 1876  285 1312 1863  551  565 1192
 1705  334  754  424  566 1817    2 1776 1896 2384 1199 1840 1866 1842
  411  568 2290 1812 1768 2417 1051 1417 1865  236  291 1899   15  282
  289 1055  938 2426 1873 1217 2294  283 1195 1160 1811 1827 2289 1836
 1804 1852 1746 1829 1764 1206 1839 1821  640 1707  871 2281  989 1851
 1828 2383 1906 2157 1871  990 1440 1813 1191 1816 1761  873 2361 1855]

[1886 1193   44 1190 1724 1114  193 2363 2292 1826 1441 1825 1751  546
  605]


[1188 1822 1803 1764  426 1407  425 2362 1839 2289 1114 2381 1053 1862
  272 1348 1775  274 1835  811 1326  193   17 2171  294 2392 1817 1823
 1816  315 1821 1838 1906 2292 1203 1159   44 1827 1192 1204 2429 1874
 1855 1821   16  872 2293 2394 1770  752 1899 2285 1848 2283  284   32
 1807 1440  936 1853  938  424  423 1055 1804 1893 1810 1750  432 1857
 1888  876  754 1747 2290 1767   15  877 1051 1776 1194  576 1812 2360
  293 1670 1135 2287 1195 1827  583  282 2426 2282 1200    4  650 1828
 1891 2284 1808    4 2425 1905    2 1388 1814  871  288 1904 1895   43
 1841 1885 1753  640  573 1876 2156  941  545    7 2382  273  290 1193]

[1837 1765 1244  546 2383 1755 1863 1840 2363 1752  639 1842 2448  937
 1896]


[1159 1840 1828    6 2289 1841 2392 1752  938 1839 1874  411 1199  568
  288 1390  191 1865 1817 1761 1200 1756 1812 2363 1857  567 1820 2156
 1815 2288   82   43 1440 1896  281  204 1801  563 1441 1851 1820  548
  291 1831  988  876 1398  273 1055  751 1771   62 1853 1791 2155 1746
  753  425 1744 1810 2286  293 1823 1864 1852 1776 2157    8 2287  279
 1206 1129  871 1904 2360  424 1818 1201 1814  286 1706 2293 1809  640
 2282 1253 2362 2417 1850 2170  550  423 1442 1197 1313 1876 1194 1748
 1822 1811 1188    4 2380 1207  643   32   16  564  937  572  545 2422
 1821 1160 1836  990 1451  935 2384 1887 2393  292   17 1193 1806 1202]

[1707  288  290 1758 1873 1837 1827 1906  940  421 1842 1833   63  315
 1193]


//45:
[2360 1812 1451 1442  574 1757 2422 2293 1844 1205 1804 1217 2418  583
   45  193 1864 2288 1135 1816 1828 1865 1191 1888 1206 1818 1854 1758
  277  874  641  335 2429 1202 1827 1892 1843  989  811  285 2361 1850
 2394 2286 2290  421  367  568  565    6 2157  288 1188 1255 1803 2158
 1848  284 2385 1840 2395 1820   82  293 1852 1769 1128 1724  548  873
  564 2294 1388  426 1861  751  368 1829    4  425  334  753 1842  938
 1824 1756 1813 1825 1806 1832  270 1826  754 1896 1194 2425 1983  988
 1191  644  639 1193  935  287 2289 2155 1313 1441  573  742  424    6
 1193  380 1440 1838 2282 1253 1871 2426  250]

[1748 1190 1805 1822 1759 1891 1810  279 2384 1200 2420 2363 2156 1887]


[1864  874 1724 2158 1816 1848 1861  644 1202  574 1820 1806  938 1825
  421 2426  368 1200 1194 2360 1313 2361 1441 1887  287 1188 1255 2395
 1205  751 1191  988 2420 2422 1826 1822  293  564  641 1803 1388  753
  424 1840  279   82 1190 2288 1865  754 2157 1756 1888  935 1844 1832
  288 1451 2156 1842 2289 2425 2418 1896 1871 1838  583 1442 1769 1217
 2290 1854 1813  989  334 1850  568 1843  380    6 1827 2385  426  285
 2282  573 1892 1193 1440 1758  250    6 1193 1818  548  425 1891 1810
 2286 1748  270 2293 2155 1253 1135 1824  811 2394  742 2429 1128 1805
 1759 1852 1829 2294 1206 1983  639 2363  277]

[ 335 1812  367 1804  873 1757   45 2384    4  284 1191 1828  193  565]


[2288 1887  574    4  754  548 1822 2158 1206 1829 1843 1193  811  583
 1842 1838 1826    6 2156  279  989  285 1191 1748 1441 2420   45 2293
 1805  568 1756 2426 1891 1255 2363  287  751  277  874 2294 1194 1865
  938  335 2289 1816 1440 2384 1827 1190 2422  250 1769  193 1188 2394
 1871  873 2360 1832 1388 2425 2385 1820 1892 1757 1852 1191 2155 1200
  426 2290  288 1202 1896 1128 2361 1193  988  424 1818 1758  753 2286
 1810 1864 1253 2157  293 1803  368   82 1850  564 1759 1804 1825    6
 2282 1724 1813 2395 1861 1217  284  641 1812  742 1828 1888 1135 1840
 1313  644  421  573 1824 1983  380  367 1451]

[ 565  935 1844  334 2429 1854  270 1205  425 2418  639 1806 1442 1848]



//43:
[  45 1748 2394  565 1135 1759  293  279 1826 1388  935 1188  753 1806
 1769  380  573 1832 1820 1758    4 2418 1191    6 1825 1828 1842 1441
 1854  742  644  421 1191 1861  639  583  334 1205 2425 1810 1824 1871
  989  988 2157 1190 1217  368 1983 2361  641  426 2282  284 2363  193
 1852 1844 1822 2360 1255 1865 2426  548 2294   82  751 1200 1442 1848
 1128  250 1194 1850 1812 1864 2422 1803 2286  287  277 1202  425 2288
 1253 1896 2429 2158 1313 2395  873 1440 1818 1724  270 1206 1892 2290
  285 2385 1756 2155 1805 1891  811  574 1843 2384  424  335 1451 1816
 1757 1827  367  288]

[1829 1813 1838    6 1888 1193  568 2293 1887  754 2289 1804 1193]


[1758 1871 1810 1451  421 1724 1887 1440 1128  644 1190 1217 1832  568
    4 1441  285  873 1804 1848 1852 2422 1202  641   82 2282 2418 1191
  293 1255 1769 1861  368 2158  988 1826  193  574 1829 2394 2290 2363
  811 1816 2385 1983 2426 2157 1806 1818  583 1850 1188 1812  751  565
 1194 1844 1822  425  367 1748  334 2294 1896 1805 1388  426  277  270
 1759 1191 1825 1253 2360 1827  279 1200  753  250 1824  380  288 1193
    6 2286 1756 1854 1813 1205 1843  989 1892 1842 2384 2361  754 1313
  742 1803  287  548  935 1838 1820 1828 1865 1135 2429 2425  639  424
 2288 1891  284 2395]

[1442   45 2289 2293  573    6  335 2155 1757 1888 1864 1206 1193]


[2285    4 1841 2418 1852 1205  937 1833  564  250  423 1829 1813    3
 1837 2171 1863 1826 1398 2422 2386 2391  989  938  284 1407 1312   67
 1849 1983 2157 1192 1808 1886 1773 1804 2282 2417 1818 1835  421  368
  877 1871 2387  281  873  410  566 1857 1854 1390  191  751   82 2293
 2360  576  573 1451 1840 1821 1193   43 1861 1753   65 1805 1806  641
 1192  549  551 1855  572 1756 1823  293 2290   55 1887  605 1844   15
    8  282 1765 1162  547 2291 1824 2281  574 2389 1191  315  424  935
 1812 1872 1893  380 2384 1838 1803 1589 2381 2289 1253 1827 1759 1895
  571 1202 1894 1128]

[ 335 1825  754  283 2288 1895 1190 1839 2170 1774   62  362  291]


[1202  549  564 1838 1895  547  335    3 1855 1803 1192  423  935 1190
 1765 2389 1826  571 1808  605 2290 1887 1857  576 1852 1805 2281  281
 2391 2289 1804 2418  573  551 1753 1398 2360 1818 1833 2422 2288   82
 2157 1829 1827 1854 1821  380 1589  873  293 1839  754 1773 2386 1312
  989  291 2387  191 1824 1849 1844   43   55 2170 1837 1205 1893  421
 1128 1759 1863  362 1872 1813  574   67  641 2381  424 1841  315 1193
 2291 1886 1861 1825  250  410    4   65 1756 2282  938 2293 2384 1192
 2171  751 1812 1871  283  368  572   62   15 1806 1895 1390 1407 1451
  284  566 1840 1253]

[ 937 1835 2417 1894 1983 1191  282 1823  877 1162 1774 2285    8]


[1406 1743  192  521 1875 2448 1755  874  285  281 2383 1810 1821 1851
 1829 1821  871   64 1218 1407 2363 1892  574  754 1451 1895  204 1890
    3  277 1863 1724  291  940    6  278 1761 1852 1864   36  289 1855
 1873 1839 1811 1759  193 1204  421 1842 1838  423  550  872  988  270
 1807 1348 1206  315 1872 2392  274 1190  368 1833 2425 1823  572 2285
 2423    2 1894 1805 1843 2291 1197    7  638 1806 1854 2382  130 2420
 1836 2155 1891 1865 1801 1804 1850  546  426  939 2419 1904 1193 1114
 2294  571 1825 2360 1832  935 1898  565 2287   82  941  425 1853 1862
 2429 1670  640  639]

[1750 1812 1766 1707 1762 1815    8 2395 1887 1866 2426  576   62]


//42:
[1828   89 1841 2390 1899 1864 1812 1885 2285 1774  989  425 1876  936
  537  873 1843 1832 1440 1905 1768  811  288 1757 2294 1865  362   55
 1833 1758 1811  567 1821 1819  522 1753 1804   82  274 1806 1766    6
  640    4  574 1820 1838 1862 1756  236  278 2422  287  424 2363  292
 1162    4  754  937 1802 2417 1891  547 1848   60  294 1759 1217 1824
 1895 2384  521   44  874  571 1839 2419 1863 1837 1437 2288  641  563
 1754  277 1815   64 1826 2429 1855  334  281   32  751 2155  935   65
  753  564  752 1765 1813 1312 1803 1866 1854 1218 2286 1053 2420  938
 1821]

[1814  546  335 1906  583 1350 1825 1829  283 1983  367  643 1807]


[2420 1202 1388 1751 1439   15 1842 1841 2417 2429 1873 1897 1193 1801
 2426 1191  288 1827 1874  572 1755 1906  811 1745 1820  569 2289 1814
 2418 1810 1889  335  575    4 1817 1208  421 1809   63 1773 2385 1220
 1724   67 1893 1756  422  573 1804  565 1837  567 1824 1350  290 1855
  431  938 1853 1807  291  643 2282 1892 1802 2284 1312 1218  130 1844
 2383  566  286  282 1825 1871 1769  872  424 2386  288 1752 2171 1706
 1854 1821  638 1866 1823  289 1816 1851  426 1129 1407 1776 1815  191
   61 1864 1822 1326  753 1188  576 1244  192  936 1705 1670  873 2361
  551]

[1811 2362  278  941 1861  522 1840 1836 2281 1875 1833 1757  752]


[2158 1801 2389  367 1807 1220 2421  426 1770 1832 1826  754  236 1886
 1825 1840  288  410 1844  548 2387  293 1751 2391 1760   16 1857 1806
 1348 1875 1313 2429 1705  639 1817 1862  566 1407 1888 1885  290  576
    4  550  368 1194 1871 1670 1776 1855  989 1746 1802  577 1754  521
 1983  564 1836 1864  571 1816 1835  431 1766 1744    7 1850 2392 1805
  285 1887 1866 1849 2419 1441 1829 1809  335  334 1190 1218 1821  282
 1896 1874 1843  289 1853 1815 1759 2283 1752 1326 2170 2382 1390 1824
 1128 1803 1773  547 2291  939  277 1808 2428 1821 1818 2360 1768 1451
  425]

[1899 1749 1812  549  990   66  250 2383 1822 1838  192  362 1906]


[1840  204 1348 2390 1192  286 1807 1312  288 1406 1207 1135 1872 2421
    3 1129  550 2171 1863 1751 1821 1205  287    4  546 1849 2291 2425
  754 1253  752  639 1776 1201  291 2288  574 1834    2  568 1835 1791
 1824  285  289 1199 1814 1866 1853 1896 1894 1820 2428 1770 1775 1200
 1826 1811    8  940  335  571 1706 2283  193 2170 2157 1886 1762 2391
 1827 2156 2424  573  522 1772 1195 1748 2290  751  583 1670 1885 2158
 1440 1871   65 1905 1873 1202 1114 1803 1707 1874 1852  937  576 1843
 1844    6 1766 1906  367 2427 1437  293 1904 1758  130 2361  432  753
 2420]

[2294  272 2381   66 1774 2289 2155  640 2363  294 2419 2285  941]


[ 274 2422 1906 1767  753 1190  362 1895 1904 1836 1760  751   62  334
  939 2394  550 1757  990 1204 2170   44 2284  583  752 1905 2388 2290
  989   36 2429  290 1802  284 1759 1437 1808   63 1854 1803   65 1813
 1849 1197   60 1114  568 2384 1810  547 1755 1348 1834 1816 1820 1850
 2360 1208  938 1866  573 2288  564 1439 1194 1892  643  522  286   67
 1417 1053  250    4  277 1833  988  537 1707 1835 2282 1135  287 1255
  289 1051 1812 1864  193 1821  548 1706  281  423 1326  422  572  576
 1832  639 1872    7 1861 1805 1129 2155  425 1825 1744   45 1407 1818
 2381]

[2291  368 1852 1440 2385 1842 1837 1855 1814  874 1827 1770 1865]


//21 not work at all:
[ 335 1885 1769 1437  568  424 1840 1747 1823  572 1160  751  876 1815
 1842 2155  191 2286 1744 1861 2360 2293  270 1814 2642  290 1253 1207
 2658  410  573 2389   67 1819 1244 2361  426 1875 1451 1854 2285 1406
 2292 2422 1326 1844 2640 2171 1756 1808 2281  988  431  577 1871  754]

[2392 1827  286 1206  287 1857   63]


[2389 1827 1406 1842  431  270 2281 1756 1160  290 2640 1814  191 1815
  577  876  573 2360 2361 1819 1885 1451 2171 1253 2642 1326 1875 1854
 1747 2286 2293  424   63  572 1840 1244 2155 2292 1861 1823  751  335
   67 1437 2285  754 1744 2658 1844  568 1207 1857 2392  426 1871 1206]

[ 988 2422 1808  410  287 1769  286]


[1823 1885 1854 1769 1451  191 1744  290 2281  876 1244  988 1207 1326
  287 2422 1160 2361 1253 2360 2171 2642   67  754  577 1875 1840  286
  568 2285 2392 2658  573 1819  426 2389 1844  410 1842 2286 1827 1406
 2292 1857 1814 1808 1815  751 2155 1756 1437  431  424 1747 1871   63]

[1206 2293 1861  572  270  335 2640]


//21 42%:
[1844 1244 2285 2422 1823   63 1827 2658  286 2361   67 1747 2642  751
 1885 1857 2389 1842  431 1437  335 2155 1451 1808  988  572  270 1819
  424 2281 1854 1756 1160 2640 1207 1253 1406  426 1840 1326 1861 1206
  191  287 2171 1814 2360 2286  876  577  573  290  568 1871 2293 1744]

[1875  410 2292 2392  754 1769 1815]


//19 0.16
[ 876 1819 1769 1840 1244 2389 1406 1854 1437 2286 1814  573 2155 2360
 1808  191 1857  286  426 1451 1871 1842 1885 2640  270 1844 1160 1823
 1326  410  572 2292 1207 1756  335  287  577  751 1253 2361  988  290
   67  568 2422 1875 1744 2658  431 1861 2171]

[1827 2642 2285 2392 1747 1815]


//19 really bad 0-14:
[ 431 1747 1857 1451 1827 2642  410 1875  290  577 1885 1840 1819  426
 2389  876 1842 2361 1326 1844  988 2292   67 2658 2286  572  286 1871
  335  751 1815  573 1406 1207  568 2360 2171 2640 1808 1744 2392 1823
 2155 1756  287 1854  191 1769  270 1861 1160]

[1244 1814 2285 1253 1437 2422]


//17 0:
[ 572 1827  286 1744  335 1819 2171  290 1244 1769 1861 1406 1814 1844
 2422 2392 2360  431 1840  287 2292 2658 2389  410 2642 1815  573 1808
 1857 1253  876 1823 1160  988 1437  270  191 1326 1875 1756 2285 1854
  577 1871 1207]

[2640 2361  568  426 1747 2286]


//17 33:
[1747  270 1253 1857 1823  191 1854  988  568 1871  426 1814 1769  287
 1808 1875  290 2389 1244 1744 2171  335 2286 1815 1207 1437 2292 2285
  431 2360 2658 1819 2361  573 1326 2642 2392 1861 1844 1756  410  577
 2640  286  572]

[1827 1160 1840  876 2422 1406]


//16 40:
[1406 1808 2361 2171 1844 1437  568  335  287 1160 1840 2292  573 2360
 2389  426 1207 1756 1747 1814 1827  988  286 1769 1871 2422  290 1823
 1744 1326 2285 2658 2642 1819  410  577  431 1815 1857 1244 1854  876
 1861]

[2640 1875  270 2392  191]


//16 0:
[1844  426 1747 1406 1744 1823 2171 1814 2658  286 1875  287 2292  988
 1854 2392 1207 1840 1819 1861 1808 1857 1326 1160 1815  568 2640 1244
 1437 1871 2422  410 2642 2361  876  577  191 1756  431  270 1769 2360
  335]

[1827 2389  290 2285  573]


//13 0:
[2422 1326  426 2285 1747 1861 2361  988 1769 1827 1871 1819  290  431
 2392 1160  287  573 1744 1840  410 1857  286 2642 1823  577 2292 2171
 1207 1756 1244 1808  568  191  270]

[2360 1815 1854 1437]


//11 25:
[1747 1819  286 1437 1823 1756  573  568 2392  287  290 1160 2360  431
 1857 2422  577 1244 1769  410 1808 1871 1861 1827 1854  270  988 1815
 2285]

[1840 2292 2642 1744]
