//119 not work
[1193  273 2385 1888 1749 1706 1821   87  380  362  551 1193  335 1390
  605    8 2384  990 1051 2424 2389  877 1760  565 2639 1762   36  935
  292  423  279  294 2381 1201  286   17 2382  288    6 1191 1388 2644
 1160  293 2636  191    4  751  368 2420  989 1767 1191 1756 2658  564
 1159  284 2419  871 2640  569 1417  575  522 2388 1313 1439 1771 2642
 1772   43 1899  545  643  285  282 1895 1203 2418 1754  334 1053 1199
   65 1129  644  193  288   82  290  577 1398 1983  549  937  367 1752
 1820 1763 2386  281  573 1766  546  563 1442 2426 1770 1776  811  572
 1451 1857 1135  939 1208 1205 2394  422 1192 1746 1758 1441 1312 1253
 1206   67 1755  291 1768 1190  421 1114 1724  742 1162 1348 1407 1437
 2427   63 1892  410 2387 1194 1745  639  583  426  283 2425  988   32
    6  431 1202    2  270  537 1440 1827 1891 1350  425  192  566 1707
  236  287 1896  250  130 2634 2429 1747  550 1192 1055 1765    4  548
 2391 1194  753 1774 1207  424 1791  936  752 1255  873  571   89 1705
 2646  574 2633  938 1801  432  411  547  876  289  315 1204 1890 1190
   16 2659  274 1761]

[2638 1128   45 1775  638 1406 2392 2393 1220  576  277  941  754  204
  872  641  640 2641 1886 1759 1895  874  521 2632]


[ 272  871   63    4  583 1129  410 1747 1207 1190 1193  874  754  425
   87 2381 2643  574 1313  547 1751  567 1758 1193  270  284  335  193
  423   17  564 1191 1189  292  537  277  273 2658 2633  380 1350  576
  545   62  937   64  639 2382 1791 1770 1895 1312 1135  293  250 2380
 2418 1128    2  421 1439  873 2641 1888   15   44 1114   61 1195 1442
 1055 2630  367  568 1749  285 2388  573  551  521 1407 1885  577 1746
 1748 2421 1417 1761  572 2395    7 1744 1194 1202 1204  872 1220 2384
  281 2637 1765  334 2386  989 1199 1200  422 2644 1390  411 1756 1192
 1194 1821 1762  753 1255  575  236 1827  638  938  288 1893 1897  286
  426 2423 1051 1705 1766 1160  130  362  742 1388  941  549 1773  204
 2422 1776  432 1760 1753 2634  988  294  641 1772  936 2426  192 1244
 2646 1891  431 1886    8   32 1745 1890 1205 1899 2636 2427  548  191
  877 2394  283 2417 1348 2385 2425  424 2631 1437 1217   82 1857 2638
 1763 1889 2428 1898  282 1451 1768  287 2635  546 2639 1983  640  644
 1724  315  752  605 1191  290  291 1162 1398  550   67  288  811  939
  569  565  751  990]

[ 643    6 1755 1326 1159 1775    6 2429 1820 1441 1406 1707  522 1440
  876 1801 1053 2390 1764  935 1754  571  289 1208]


//118 not work
[1312 2646 1255 2636  638  874  877 1746  277 2659  811  293 1190  644
  754 2644   36  752  873 1895  250  876  282  292  643 1801  565 2384
  551    4 2633 2394  130 1194  204 2388 1776 2424 2381 1202  380  335
    4  575 1208 1773 2417 1743 1706 1406   55 2390  577 1820 2383 1761
  411 1771 2422  751 1749 2391 1751  290  989  640 2395  988  583 2640
 2645 1888 1765 1890 2380 1763 1439  872 1417 2639 1388 1407 1440 1135
  537  571  315  546   61  935  566 1441  521 1442  547  569 1053 1752
 1769 1390 2426  288 1755 1398 1190  367 1772  285   87 2641 1220 1827
 1762 1894  937  641  639   67  574 1189  742 1760 1051 1744 1207 1192
  288 1188  272 1326    2  283 1451  192  990 1244 1055  431  425  550
  753 1791 1129  236 1893 1745 2425 2642   44 1758 1885   15  432  423
  193  421 1983  576 1899 1750  294 1821 1193  871 1857 1200 2638    7
  549  936 1886 1774 1197   65  422  572  426  284 2634  291 1756  287
 1348 1768 2382  286    8 1114   45 1195 2386 1128  545 1589  941 1724
 2420   17 2418   89 1707 2423 2429  334  424  567 2385  410 1437 1194
  938  191]

[ 548 2393  564  563 2635   63 1203  939 1313 1192  289 1191 2421 1160
 2658  522 1889  573 1206 1162   82    6 1159 1191]